Date Time,latitude,longitude,MCC,MNC,PCI,EARFCN,CellID,LAC,RSRP,RSRQ,RSSI,SINR,NB1_EARFCN,NB1_PCI,NB1_RSRQ,NB1_RSRP,NB1_RSSI,NB2_EARFCN,NB2_PCI,NB2_RSRQ,NB2_RSRP,NB2_RSSI,NB3_EARFCN,NB3_PCI,NB3_RSRQ,NB3_RSRP,NB3_RSSI,NB4_EARFCN,NB4_PCI,NB4_RSRQ,NB4_RSRP,NB4_RSSI,NB5_EARFCN,NB5_PCI,NB5_RSRQ,NB5_RSRP,NB5_RSSI,NB6_EARFCN,NB6_PCI,NB6_RSRQ,NB6_RSRP,NB6_RSSI,NB7_EARFCN,NB7_PCI,NB7_RSRQ,NB7_RSRP,NB7_RSSI,NB8_EARFCN,NB8_PCI,NB8_RSRQ,NB8_RSRP,NB8_RSSI,NB9_EARFCN,NB9_PCI,NB9_RSRQ,NB9_RSRP,NB9_RSSI,NB10_EARFCN,NB10_PCI,NB10_RSRQ,NB10_RSRP,NB10_RSSI
02/04/25 15:14:14,38.915670733333336,-95.3179354,311,480,203,2300,216253.32,55302,-106,-14,-72,10,2300,203,-14,-106,-72,2300,202,-17,-111,-85,
02/04/25 15:14:17,38.91567071666667,-95.31793543333333,311,480,203,2300,216253.32,55302,-106,-12,-74,9,2300,203,-15,-106,-71,2300,202,-16,-110,-87,
02/04/25 15:14:23,38.915670766666665,-95.31793545,311,480,203,2300,216253.32,55302,-106,-13,-73,10,2300,203,-13,-106,-73,2300,202,-16,-110,-85,
02/04/25 15:14:26,38.91567075,-95.31793531666666,311,480,203,2300,216253.32,55302,-106,-12,-74,10,2300,203,-12,-106,-74,2300,202,-17,-112,-87,
02/04/25 15:14:29,38.915670733333336,-95.31793528333333,311,480,203,2300,216253.32,55302,-107,-16,-71,9,2300,203,-16,-107,-71,
02/04/25 15:14:32,38.915670766666665,-95.3179353,311,480,203,2300,216253.32,55302,-106,-12,-74,10,2300,203,-12,-106,-74,2300,202,-16,-111,-87,
02/04/25 15:14:35,38.915670766666665,-95.31793543333333,311,480,203,2300,216253.32,55302,-107,-13,-74,10,2300,203,-13,-107,-74,2300,202,-17,-113,-87,
02/04/25 15:14:38,38.91567075,-95.31793545,311,480,203,2300,216253.32,55302,-106,-14,-71,10,2300,203,-14,-106,-71,2300,202,-15,-111,-88,
02/04/25 15:14:41,38.91567075,-95.31793558333334,311,480,203,2300,216253.32,55302,-107,-13,-73,9,2300,203,-13,-107,-72,2300,202,-20,-117,-88,2300,332,-16,-112,-88,
02/04/25 15:14:44,38.91567068333333,-95.31793548333333,311,480,203,2300,216253.32,55302,-107,-12,-75,10,2300,203,-12,-107,-74,2300,202,-19,-115,-88,
02/04/25 15:14:47,38.91567065,-95.31793531666666,311,480,203,2300,216253.32,55302,-107,-12,-74,10,2300,203,-13,-106,-73,
02/04/25 15:14:51,38.91567068333333,-95.31793528333333,311,480,203,2300,216253.32,55302,-107,-12,-74,10,2300,203,-12,-107,-74,
02/04/25 15:14:54,38.915670633333335,-95.3179352,311,480,203,2300,216253.32,55302,-107,-14,-73,9,2300,203,-14,-107,-73,
02/04/25 15:14:58,38.91567061666667,-95.31793511666666,311,480,203,2300,216253.32,55302,-107,-14,-73,10,2300,203,-14,-107,-73,
02/04/25 15:15:01,38.91567048333334,-95.31793501666667,311,480,203,2300,216253.32,55302,-107,-16,-70,8,2300,203,-16,-107,-70,
02/04/25 15:15:04,38.91567046666667,-95.31793508333334,311,480,203,2300,216253.32,55302,-107,-13,-74,10,2300,203,-13,-107,-74,
02/04/25 15:15:07,38.91567046666667,-95.31793508333334,311,480,203,2300,216253.32,55302,-107,-16,-70,10,2300,203,-16,-106,-69,
02/04/25 15:15:10,38.91567045,-95.31793503333333,311,480,203,2300,216253.32,55302,-108,-12,-75,9,2300,203,-12,-108,-75,2300,332,-15,-110,-86,2300,202,-20,-115,-86,
02/04/25 15:15:13,38.915670416666664,-95.31793506666666,311,480,203,2300,216253.32,55302,-107,-13,-74,8,2300,203,-13,-107,-74,2300,332,-15,-109,-86,2300,202,-20,-116,-86,
02/04/25 15:15:16,38.9156704,-95.31793501666667,311,480,203,2300,216253.32,55302,-107,-14,-73,10,2300,203,-11,-106,-75,
02/04/25 15:15:22,38.91567045,-95.31793496666667,311,480,203,2300,216253.32,55302,-106,-11,-75,11,2300,203,-11,-106,-75,
02/04/25 15:15:25,38.915670416666664,-95.31793488333334,311,480,203,2300,216253.32,55302,-106,-12,-73,10,2300,203,-12,-107,-74,
02/04/25 15:15:28,38.915670383333335,-95.31793485,311,480,203,2300,216253.32,55302,-106,-10,-75,11,2300,203,-10,-106,-75,
02/04/25 15:15:31,38.91567036666667,-95.3179349,311,480,203,2300,216253.32,55302,-105,-13,-72,9,2300,203,-13,-105,-72,
02/04/25 15:15:34,38.91567031666666,-95.31793488333334,311,480,203,2300,216253.32,55302,-105,-14,-71,10,2300,203,-14,-106,-71,
02/04/25 15:15:37,38.9156703,-95.3179348,311,480,203,2300,216253.32,55302,-104,-13,-71,10,2300,203,-13,-104,-71,
02/04/25 15:15:40,38.91567025,-95.31793485,311,480,203,2300,216253.32,55302,-105,-12,-73,10,2300,203,-12,-105,-73,
02/04/25 15:15:43,38.91567025,-95.31793488333334,311,480,203,2300,216253.32,55302,-107,-13,-74,9,2300,203,-13,-107,-76,2300,202,-19,-114,-87,
02/04/25 15:15:48,38.91567025,-95.31793488333334,311,480,203,2300,216253.32,55302,-107,-16,-71,10,2300,203,-16,-107,-71,2300,202,-20,-122,-84,
02/04/25 15:15:51,38.91567023333333,-95.31793491666667,311,480,203,2300,216253.32,55302,-106,-14,-71,9,2300,203,-12,-107,-74,2300,202,-20,-113,-84,
02/04/25 15:15:54,38.91567018333333,-95.317935,311,480,203,2300,216253.32,55302,-106,-13,-73,10,2300,203,-13,-106,-73,2300,202,-20,-116,-84,
02/04/25 15:15:58,38.9156702,-95.31793486666666,311,480,203,2300,216253.32,55302,-104,-12,-72,10,2300,203,-12,-104,-72,
02/04/25 15:16:01,38.91567018333333,-95.31793491666667,311,480,203,2300,216253.32,55302,-105,-13,-71,10,2300,203,-13,-105,-71,
02/04/25 15:16:04,38.91567011666667,-95.31793488333334,311,480,203,2300,216253.32,55302,-105,-15,-70,10,2300,203,-15,-105,-70,
02/04/25 15:16:07,38.91567011666667,-95.3179349,311,480,203,2300,216253.32,55302,-105,-12,-73,11,2300,203,-12,-105,-73,
02/04/25 15:16:10,38.91567011666667,-95.31793488333334,311,480,203,2300,216253.32,55302,-108,-13,-74,10,2300,203,-13,-108,-74,
02/04/25 15:16:13,38.915670033333335,-95.31793478333333,311,480,203,2300,216253.32,55302,-107,-12,-74,11,2300,203,-12,-107,-74,
02/04/25 15:16:16,38.915670033333335,-95.31793488333334,311,480,203,2300,216253.32,55302,-107,-10,-76,10,2300,203,-10,-107,-76,
02/04/25 15:16:19,38.915670033333335,-95.31793488333334,311,480,203,2300,216253.32,55302,-106,-12,-73,11,2300,203,-12,-106,-73,
02/04/25 15:16:22,38.91567001666667,-95.31793485,311,480,203,2300,216253.32,55302,-107,-13,-74,9,2300,203,-13,-107,-74,
02/04/25 15:16:25,38.91567008333333,-95.3179349,311,480,203,2300,216253.32,55302,-109,-12,-76,9,2300,203,-12,-109,-76,
02/04/25 15:16:28,38.91567005,-95.31793491666667,311,480,203,2300,216253.32,55302,-107,-12,-74,9,2300,203,-13,-108,-74,
02/04/25 15:16:33,38.91567,-95.31793498333333,311,480,203,2300,216253.32,55302,-105,-10,-74,11,2300,203,-10,-105,-74,
02/04/25 15:16:36,38.91567001666667,-95.31793496666667,311,480,203,2300,216253.32,55302,-104,-12,-72,9,2300,203,-12,-104,-72,
02/04/25 15:16:39,38.91567,-95.31793495,311,480,203,2300,216253.32,55302,-107,-14,-72,9,2300,203,-13,-107,-73,
02/04/25 15:16:45,38.91566998333333,-95.31793485,311,480,203,2300,216253.32,55302,-106,-12,-74,10,2300,203,-12,-106,-74,2300,202,-16,-107,-82,
02/04/25 15:16:48,38.91566998333333,-95.31793468333333,311,480,203,2300,216253.32,55302,-105,-12,-73,9,2300,203,-12,-105,-73,2300,202,-16,-110,-87,
02/04/25 15:16:51,38.915677566666666,-95.31793065,311,480,203,2300,216253.32,55302,-106,-11,-75,9,2300,203,-11,-106,-75,2300,202,-17,-115,-90,
02/04/25 15:16:54,38.915671966666665,-95.31793668333333,311,480,203,2300,216253.32,55302,-107,-12,-74,10,2300,203,-12,-107,-74,2300,202,-16,-113,-88,
02/04/25 15:16:57,38.91567211666667,-95.31793405,311,480,203,2300,216253.32,55302,-108,-14,-74,9,2300,203,-14,-108,-74,2300,202,-15,-110,-86,
02/04/25 15:17:00,38.91566815,-95.31793335,311,480,203,2300,216253.32,55302,-107,-14,-73,9,2300,203,-14,-107,-73,2300,202,-18,-110,-83,
02/04/25 15:17:03,38.91566851666666,-95.31793246666666,311,480,203,2300,216253.32,55302,-105,-12,-72,10,2300,203,-12,-105,-72,2300,202,-17,-110,-85,
02/04/25 15:17:06,38.91566853333333,-95.31793255,311,480,203,2300,216253.32,55302,-106,-13,-72,8,2300,203,-12,-105,-72,
02/04/25 15:17:09,38.91566855,-95.31793253333333,311,480,203,2300,216253.32,55302,-103,-11,-71,11,2300,203,-16,-108,-73,
02/04/25 15:17:14,38.9156687,-95.31792096666666,311,480,203,2300,216253.32,55302,-104,-12,-71,11,2300,203,-12,-104,-71,
02/04/25 15:17:17,38.915667516666666,-95.31793035,311,480,203,2300,216253.32,55302,-106,-10,-76,11,2300,203,-10,-106,-76,
02/04/25 15:17:20,38.915668933333336,-95.31792755,311,480,203,2300,216253.32,55302,-107,-11,-75,10,2300,203,-11,-107,-75,
02/04/25 15:17:23,38.9156718,-95.3179317,311,480,203,2300,216253.32,55302,-108,-13,-75,9,2300,203,-13,-108,-75,2300,202,-17,-114,-88,
02/04/25 15:17:26,38.915671716666665,-95.31793178333334,311,480,203,2300,216253.32,55302,-106,-12,-74,12,2300,203,-12,-106,-74,2300,202,-18,-113,-87,
02/04/25 15:17:29,38.91567163333333,-95.31793201666666,311,480,203,2300,216253.32,55302,-106,-12,-73,11,2300,203,-12,-106,-73,2300,202,-16,-111,-87,
02/04/25 15:17:32,38.915671683333336,-95.31793201666666,311,480,203,2300,216253.32,55302,-108,-12,-75,12,2300,203,-12,-108,-75,2300,202,-17,-112,-87,
02/04/25 15:17:35,38.915672433333334,-95.3179375,311,480,203,2300,216253.32,55302,-91,-10,-60,16,2300,203,-10,-91,-60,2300,202,-16,-97,-72,
02/04/25 15:17:38,38.915685016666664,-95.31797145,311,480,203,2300,216253.32,55302,-99,-10,-66,15,2300,203,-13,-95,-62,2300,202,-18,-103,-77,
02/04/25 15:17:44,38.915657816666666,-95.31803011666666,311,480,203,2300,216253.32,55302,-93,-9,-63,11,2300,203,-9,-93,-63,2300,202,-17,-104,-78,
02/04/25 15:17:47,38.915624083333334,-95.31805191666666,311,480,203,2300,216253.32,55302,-99,-14,-65,7,2300,203,-14,-99,-65,2300,202,-16,-102,-78,
02/04/25 15:17:50,38.915582566666664,-95.31806791666666,311,480,203,2300,216253.32,55302,-96,-13,-62,7,2300,203,-13,-96,-62,2300,202,-15,-99,-76,
02/04/25 15:17:53,38.915546883333334,-95.31808548333333,311,480,203,2300,216253.32,55302,-93,-12,-61,7,2300,203,-11,-94,-62,2300,202,-20,-104,-74,2300,386,-14,-97,-74,
02/04/25 15:17:56,38.91551243333333,-95.31809943333333,311,480,203,2300,216253.32,55302,-94,-12,-62,9,2300,203,-12,-94,-62,2300,202,-20,-105,-74,2300,386,-10,-99,-76,2300,332,-18,-104,-74,
02/04/25 15:17:59,38.91547753333333,-95.31811046666667,311,480,203,2300,216253.32,55302,-93,-14,-58,9,2300,203,-14,-93,-58,2300,202,-18,-99,-73,2300,386,-19,-111,-74,2300,332,-12,-97,-74,
02/04/25 15:18:02,38.91544305,-95.31811596666667,311,480,203,2300,216253.32,55302,-94,-14,-60,9,2300,203,-14,-94,-60,2300,202,-19,-102,-75,2300,386,-14,-103,-74,
02/04/25 15:18:05,38.91540403333333,-95.31812983333333,311,480,203,2300,216253.32,55302,-103,-14,-68,11,2300,203,-13,-99,-65,2300,386,-10,-97,-78,2300,332,-15,-102,-79,
02/04/25 15:18:10,38.915353583333335,-95.31814478333334,311,480,203,2300,216253.32,55302,-99,-16,-63,7,2300,203,-16,-99,-63,2300,386,-14,-102,-76,2300,332,-17,-101,-76,
02/04/25 15:18:13,38.91531508333333,-95.3181488,311,480,203,2300,216253.32,55302,-102,-16,-66,8,2300,203,-16,-102,-66,2300,386,-18,-104,-78,
02/04/25 15:18:16,38.91527425,-95.3181574,311,480,203,2300,216253.32,55302,-107,-18,-69,8,2300,203,-17,-104,-67,2300,386,-14,-104,-82,2300,332,-17,-106,-81,
02/04/25 15:18:20,38.91527561666667,-95.3181521,311,480,203,2300,216253.32,55302,-104,-17,-67,10,2300,203,-17,-104,-67,2300,386,-18,-105,-79,2300,332,-20,-107,-79,2300,202,-17,-104,-79,
02/04/25 15:18:23,38.915278416666666,-95.3181499,311,480,203,2300,216253.32,55302,-105,-17,-67,10,2300,203,-17,-105,-68,2300,386,-14,-103,-81,2300,202,-18,-106,-81,2300,332,-17,-107,-81,
02/04/25 15:18:26,38.915282866666665,-95.31815263333333,311,480,203,2300,216253.32,55302,-105,-16,-69,9,2300,203,-16,-105,-69,2300,386,-16,-105,-81,2300,332,-17,-107,-82,2300,202,-15,-104,-81,
02/04/25 15:18:29,38.91528455,-95.31815358333333,311,480,203,2300,216253.32,55302,-107,-16,-71,8,2300,203,-16,-107,-71,2300,386,-12,-104,-84,2300,332,-17,-110,-84,2300,202,-18,-112,-84,
02/04/25 15:18:32,38.915284783333334,-95.31815358333333,311,480,203,2300,216253.32,55302,-106,-16,-70,9,2300,203,-16,-106,-70,2300,386,-14,-103,-82,2300,332,-16,-106,-82,2300,202,-17,-108,-82,
02/04/25 15:18:35,38.9152848,-95.31815353333333,311,480,203,2300,216253.32,55302,-106,-15,-71,9,2300,203,-15,-106,-71,2300,386,-12,-103,-83,2300,332,-14,-106,-84,2300,202,-19,-111,-83,
02/04/25 15:18:38,38.915284783333334,-95.31815348333333,311,480,203,2300,216253.32,55302,-105,-15,-70,9,2300,203,-15,-105,-70,2300,386,-13,-105,-84,2300,332,-17,-110,-84,2300,202,-18,-112,-84,
02/04/25 15:18:41,38.915284766666666,-95.31815346666667,311,480,203,2300,216253.32,55302,-106,-16,-70,8,2300,203,-16,-106,-70,2300,386,-12,-104,-83,2300,332,-13,-105,-84,2300,202,-16,-111,-83,
02/04/25 15:18:44,38.915284766666666,-95.3181534,311,480,203,2300,216253.32,55302,-105,-13,-71,9,2300,203,-13,-105,-71,2300,386,-12,-105,-85,2300,332,-16,-108,-85,2300,202,-17,-113,-85,
02/04/25 15:18:47,38.91528475,-95.31815341666666,311,480,203,2300,216253.32,55302,-105,-15,-69,8,2300,203,-15,-105,-69,2300,386,-14,-105,-83,2300,332,-14,-107,-83,2300,202,-18,-108,-83,
02/04/25 15:18:50,38.91528473333334,-95.3181534,311,480,203,2300,216253.32,55302,-104,-15,-69,9,2300,203,-15,-104,-69,2300,202,-16,-105,-81,
02/04/25 15:18:53,38.91528473333334,-95.31815333333333,311,480,203,2300,216253.32,55302,-105,-15,-69,9,2300,203,-15,-105,-69,2300,202,-17,-108,-83,
02/04/25 15:18:56,38.915284766666666,-95.31815326666667,311,480,203,2300,216253.32,55302,-106,-16,-69,8,2300,203,-16,-106,-69,2300,202,-18,-110,-84,
02/04/25 15:18:59,38.91528471666667,-95.3181532,311,480,203,2300,216253.32,55302,-111,-19,-71,4,2300,203,-19,-111,-71,2300,202,-17,-119,-84,2300,386,-8,-96,-80,
02/04/25 15:19:02,38.915296866666665,-95.31814618333334,311,480,386,2300,216150.32,55302,-108,-15,-72,10,2300,386,-12,-96,-64,2300,203,-12,-97,-77,2300,332,-14,-99,-77,
02/04/25 15:19:08,38.91584415,-95.31812108333334,311,480,386,2300,216150.32,55302,-89,-15,-54,9,2300,386,-15,-89,-54,2300,203,-13,-91,-68,2300,281,-15,-91,-68,2300,332,-18,-94,-68,2300,202,-20,-96,-68,2300,110,-15,-92,-68,
02/04/25 15:19:11,38.91611138333333,-95.31801031666667,311,480,203,2300,216253.32,55302,-86,-14,-52,0,2300,203,-14,-86,-52,2300,386,-20,-98,-54,2300,110,-18,-93,-65,2300,281,-16,-94,-65,2300,202,-16,-90,-65,2300,332,-20,-93,-66,
02/04/25 15:19:14,38.91631803333333,-95.31772538333334,311,480,203,2300,216253.32,55302,-86,-15,-51,9,2300,203,-15,-86,-51,2300,386,-15,-87,-64,2300,110,-15,-87,-63,2300,202,-17,-89,-64,
02/04/25 15:19:19,38.916411,-95.31685088333333,311,480,386,2300,216150.32,55302,-89,-18,-51,0,2300,386,-18,-89,-51,2300,203,-20,-96,-51,2300,110,-16,-87,-63,2300,202,-20,-91,-63,
02/04/25 15:19:22,38.91627943333334,-95.31631086666667,311,480,386,2300,216150.32,55302,-98,-20,-51,4,2300,110,-20,-93,-51,2300,437,-20,-103,-65,2300,281,-14,-94,-65,2300,386,-20,-98,-51,2300,104,-20,-99,-65,2300,203,-16,-91,-65,2300,332,-18,-102,-65,
02/04/25 15:19:25,38.91640828333333,-95.31595365,311,480,110,2300,216458.32,55302,-93,-20,-51,6,2300,110,-20,-93,-51,2300,203,-18,-91,-63,
02/04/25 15:19:28,38.91672881666667,-95.31586035,311,480,386,2300,216150.32,55302,-91,-19,-51,0,2300,386,-19,-91,-51,2300,110,-18,-98,-52,2300,104,-16,-88,-64,
02/04/25 15:19:31,38.9170697,-95.3162253,311,480,281,2300,216247.32,55302,-91,-14,-57,8,311,480,203,5230,216253.3,55302,-79,-17,-44,7,5230,203,-20,-81,-43,311,480,386,5230,216150.3,55302,-83,-20,-44,4,5230,386,-20,-83,-44,5230,437,-16,-82,-56,5230,330,-16,-83,-56,311,480,386,
02/04/25 15:19:54,38.916658133333335,-95.31567801666667,311,480,386,5230,216150.3,55302,-79,-17,-45,8,5230,386,-17,-79,-45,
02/04/25 15:19:57,38.916712966666665,-95.31623216666667,311,480,203,2300,216253.32,55302,-92,-18,-52,7,2300,203,-18,-92,-52,2300,437,-15,-90,-64,2300,386,-16,-89,-64,2300,110,-16,-89,-64,2300,281,-14,-92,-64,
02/04/25 15:19:58,38.916793033333335,-95.3166714,311,480,203,5230,216253.3,55302,-79,-18,-45,9,5230,203,-18,-79,-44,5230,386,-13,-77,-56,
02/04/25 15:20:25,38.916658166666664,-95.31498346666666,311,480,203,5230,216253.3,55302,-73,-16,-41,8,5230,203,-15,-73,-41,
02/04/25 15:20:28,38.916572933333335,-95.3157237,311,480,203,5230,216253.3,55302,-83,-20,-41,7,5230,203,-20,-85,-43,5230,386,-15,-80,-54,5230,437,-13,-85,-55,5230,330,-17,-80,-55,5230,110,-15,-82,-55,
02/04/25 15:20:31,38.91682771666667,-95.3156962,311,480,203,5230,216253.3,55302,-77,-15,-44,4,5230,203,-16,-78,-43,5230,110,-19,-87,-55,
02/04/25 15:20:35,38.91715611666667,-95.31586445,311,480,203,5230,216253.3,55302,-82,-19,-46,7,5230,203,-19,-82,-46,
02/04/25 15:20:38,38.91711806666667,-95.31652338333333,311,480,203,2300,216253.32,55302,-93,-17,-56,0,2300,203,-17,-93,-56,
02/04/25 15:20:43,38.9173199,-95.3176175,311,480,203,2300,216253.32,55302,-87,-16,-51,10,2300,203,-16,-87,-51,2300,110,-18,-90,-62,2300,202,-19,-89,-62,2300,370,-17,-91,-62,2300,369,-19,-92,-65,
02/04/25 15:20:46,38.917535683333334,-95.31802931666667,311,480,203,2300,216253.32,55302,-87,-14,-53,10,2300,203,-14,-87,-53,2300,110,-16,-88,-64,2300,437,-15,-87,-64,2300,302,-17,-92,-66,2300,104,-16,-88,-63,
02/04/25 15:20:49,38.91776478333333,-95.31842728333334,311,480,203,2300,216253.32,55302,-113,-12,-75,9,2300,203,-15,-86,-49,2300,386,-18,-95,-63,2300,437,-18,-89,-63,
02/04/25 15:20:55,38.91816008333333,-95.31930433333333,311,480,203,2300,216253.32,55302,-90,-17,-53,8,2300,203,-17,-90,-53,2300,386,-15,-95,-65,2300,281,-15,-88,-65,2300,110,-20,-94,-65,
02/04/25 15:20:58,38.918257583333336,-95.31982843333333,311,480,203,2300,216253.32,55302,-89,-14,-54,10,2300,203,-14,-89,-54,2300,386,-20,-103,-65,2300,110,-20,-103,-65,
02/04/25 15:21:01,38.918189516666665,-95.3204487,311,480,203,2300,216253.32,55302,-98,-16,-56,8,2300,203,-16,-98,-55,2300,386,-17,-93,-68,2300,110,-20,-98,-68,
02/04/25 15:21:05,38.917814983333336,-95.32124096666666,311,480,203,2300,216253.32,55302,-100,-18,-53,7,2300,203,-17,-93,-53,2300,386,-16,-92,-66,2300,369,-15,-91,-65,2300,437,-15,-90,-66,2300,110,-16,-90,-65,
02/04/25 15:21:08,38.91727935,-95.32156951666667,311,480,386,2300,216150.32,55302,-91,-20,-49,8,2300,386,-20,-91,-49,
02/04/25 15:21:11,38.916708983333336,-95.32145108333333,311,480,203,2300,216253.32,55302,-89,-18,-51,8,2300,203,-18,-89,-51,2300,202,-20,-93,-64,2300,386,-16,-89,-64,
02/04/25 15:21:14,38.9162349,-95.32112428333333,311,480,203,2300,216253.32,55302,-86,-15,-50,9,2300,203,-15,-86,-50,2300,202,-20,-94,-62,2300,386,-18,-88,-61,2300,104,-18,-89,-62,
02/04/25 15:21:17,38.915735383333335,-95.32086133333334,311,480,203,2300,216253.32,55302,-87,-15,-52,9,2300,203,-15,-87,-52,2300,281,-17,-90,-64,2300,110,-15,-93,-65,2300,369,-20,-94,-65,
02/04/25 15:21:20,38.915260016666664,-95.32064458333333,311,480,203,2300,216253.32,55302,-90,-16,-51,7,2300,203,-16,-90,-51,2300,437,-15,-87,-63,2300,110,-16,-87,-63,2300,104,-16,-89,-63,2300,386,-15,-90,-64,
02/04/25 15:21:23,38.91485263333333,-95.32030716666667,311,480,203,2300,216253.32,55302,-108,-16,-78,7,2300,203,-17,-90,-53,2300,437,-16,-91,-65,2300,386,-16,-89,-65,2300,110,-17,-90,-65,2300,202,-20,-95,-65,
02/04/25 15:21:28,38.914360083333335,-95.3195539,311,480,203,2300,216253.32,55302,-93,-19,-53,5,775,203,-17,-86,-56,
02/04/25 15:21:31,38.91415766666667,-95.31910961666667,311,480,203,775,216253.34,55302,-92,-18,-58,7,775,203,-18,-92,-58,
02/04/25 15:21:34,38.91398795,-95.31863561666667,311,480,203,775,216253.34,55302,-91,-20,-54,7,775,203,-19,-91,-57,775,104,-20,-96,-63,775,110,-20,-94,-64,775,369,-14,-85,-64,775,370,-16,-88,-64,
02/04/25 15:21:37,38.91384425,-95.3181482,311,480,369,775,216158.14,55302,-91,-20,-56,7,775,203,-16,-91,-64,775,104,-16,-89,-64,775,110,-15,-88,-64,775,369,-20,-91,-56,775,386,-17,-90,-64,775,370,-16,-92,-65,
02/04/25 15:21:40,38.9137589,-95.31764401666666,311,480,369,775,216158.14,55302,-95,-20,-58,7,775,369,-20,-95,-58,775,110,-17,-91,-66,
02/04/25 15:21:43,38.913968233333335,-95.31726213333333,311,480,369,775,216158.14,55302,-91,-20,-57,6,775,369,-20,-91,-57,775,104,-19,-94,-64,775,386,-18,-90,-64,
02/04/25 15:21:46,38.9142196,-95.31682998333334,311,480,203,2300,216253.32,55302,-115,-13,-79,5,2300,203,-13,-115,-79,
02/04/25 15:21:52,38.914880333333336,-95.31626738333334,311,480,203,2300,216253.32,55302,-115,-13,-79,5,2300,203,-13,-115,-79,
02/04/25 15:21:55,38.91525216666667,-95.31603983333333,311,480,203,2300,216253.32,55302,-94,-20,-52,7,2300,203,-20,-94,-52,2300,386,-18,-95,-64,2300,110,-17,-93,-64,2300,437,-18,-92,-64,
02/04/25 15:21:58,38.91555935,-95.31577146666666,311,480,386,775,216150.34,55302,-87,-18,-57,8,775,386,-17,-86,-56,775,110,-16,-90,-64,
02/04/25 15:22:01,38.915873983333334,-95.31562118333333,311,480,104,775,216144.34,55302,-92,-18,-60,4,775,104,-18,-92,-60,
02/04/25 15:22:04,38.91621083333333,-95.3154877,311,480,104,775,216144.34,55302,-91,-20,-57,8,775,104,-20,-91,-57,775,110,-17,-91,-65,
02/04/25 15:22:07,38.91650675,-95.31521766666667,311,480,110,775,216458.34,55302,-85,-14,-57,11,775,110,-14,-85,-57,
02/04/25 15:22:10,38.91687085,-95.31509218333333,311,480,386,775,216150.34,55302,-79,-12,-53,12,775,386,-13,-80,-55,775,104,-15,-84,-61,
02/04/25 15:22:13,38.9171803,-95.31530363333333,311,480,203,2300,216253.32,55302,-90,-15,-55,7,2300,203,-15,-90,-55,
02/04/25 15:22:16,38.91717558333333,-95.31596271666666,311,480,203,2300,216253.32,55302,-87,-15,-51,9,2300,203,-13,-92,-57,2300,369,-15,-92,-68,2300,110,-17,-94,-69,2300,437,-14,-91,-68,2300,281,-16,-94,-69,2300,104,-16,-95,-68,2300,332,-17,-95,-68,
02/04/25 15:22:20,38.917087333333335,-95.3169382,311,480,203,2300,216253.32,55302,-104,-20,-54,4,
02/04/25 15:22:23,38.91662238333333,-95.31732066666666,311,480,281,2300,216247.32,55302,-91,-15,-56,7,2300,281,-15,-91,-56,2300,437,-15,-91,-67,2300,203,-13,-90,-67,2300,104,-15,-91,-67,2300,386,-16,-93,-67,2300,332,-15,-90,-67,
02/04/25 15:22:27,38.9163646,-95.31681458333334,311,480,203,2300,216253.32,55302,-95,-20,-52,7,2300,203,-20,-95,-52,2300,386,-17,-90,-65,2300,110,-18,-91,-65,
02/04/25 15:22:30,38.91627053333333,-95.31631331666667,311,480,203,2300,216253.32,55302,-92,-19,-53,7,2300,203,-19,-95,-55,2300,110,-14,-96,-69,
02/04/25 15:22:33,38.91619656666667,-95.31577711666667,311,480,203,2300,216253.32,55302,-93,-16,-55,9,2300,203,-16,-93,-55,2300,386,-14,-91,-69,2300,110,-15,-92,-69,2300,104,-15,-93,-69,2300,202,-17,-95,-69,2300,437,-15,-92,-69,
02/04/25 15:22:36,38.9162072,-95.31529538333334,311,480,203,2300,216253.32,55302,-92,-19,-53,7,2300,203,-19,-92,-53,2300,386,-20,-98,-66,2300,110,-20,-104,-66,
02/04/25 15:22:39,38.916377966666666,-95.31506855,311,480,386,2300,216150.32,55302,-96,-20,-50,5,2300,386,-20,-96,-50,2300,104,-17,-88,-63,2300,203,-12,-83,-63,
02/04/25 15:22:42,38.91656128333333,-95.31544135,311,480,386,2300,216150.32,55302,-96,-19,-54,6,2300,386,-19,-96,-54,2300,437,-18,-93,-67,2300,203,-15,-89,-67,2300,202,-17,-93,-67,2300,281,-20,-95,-67,
02/04/25 15:22:45,38.91668245,-95.31606175,311,480,203,2300,216253.32,55302,-93,-18,-54,7,2300,203,-15,-89,-53,2300,386,-18,-103,-65,2300,104,-17,-94,-65,
02/04/25 15:22:50,38.917009633333336,-95.31689988333333,311,480,203,2300,216253.32,55302,-86,-15,-51,10,2300,203,-15,-86,-51,2300,202,-19,-91,-64,2300,104,-16,-98,-64,2300,110,-18,-92,-64,
02/04/25 15:22:53,38.91725591666667,-95.31734003333334,311,480,203,2300,216253.32,55302,-87,-15,-52,10,2300,203,-15,-89,-54,2300,104,-14,-90,-67,2300,110,-15,-90,-66,2300,202,-16,-91,-66,
02/04/25 15:22:56,38.917443266666666,-95.31777386666667,311,480,203,2300,216253.32,55302,-90,-18,-51,8,2300,203,-18,-90,-51,2300,104,-20,-102,-64,2300,202,-20,-95,-64,2300,110,-20,-97,-64,
02/04/25 15:22:59,38.917585933333335,-95.3182695,311,480,203,2300,216253.32,55302,-93,-18,-55,7,2300,203,-18,-93,-55,2300,110,-20,-94,-67,2300,104,-20,-95,-66,
02/04/25 15:23:02,38.917691383333334,-95.31881113333333,311,480,203,2300,216253.32,55302,-85,-12,-53,12,2300,203,-11,-84,-53,2300,332,-14,-89,-65,2300,386,-15,-88,-66,
02/04/25 15:23:05,38.9176724,-95.31940175,311,480,203,2300,216253.32,55302,-90,-16,-53,10,2300,203,-16,-90,-53,2300,386,-15,-94,-70,2300,332,-15,-98,-70,
02/04/25 15:23:08,38.917568233333334,-95.3200219,311,480,203,2300,216253.32,55302,-98,-15,-57,8,2300,203,-15,-98,-57,2300,386,-15,-92,-68,2300,332,-15,-92,-68,
02/04/25 15:23:11,38.9172609,-95.32058655,311,480,386,2300,216150.32,55302,-88,-17,-51,7,2300,386,-17,-91,-54,2300,110,-16,-90,-66,2300,203,-18,-92,-65,
02/04/25 15:23:17,38.91621996666667,-95.32102633333334,311,480,203,2300,216253.32,55302,-91,-19,-52,0,2300,203,-19,-91,-52,2300,386,-19,-92,-52,2300,104,-17,-89,-64,2300,369,-17,-92,-64,
02/04/25 15:23:20,38.915691583333334,-95.32097495,311,480,203,2300,216253.32,55302,-91,-19,-52,6,2300,203,-19,-91,-52,2300,386,-20,-93,-65,2300,110,-16,-103,-66,
02/04/25 15:23:23,38.91519655,-95.32082065,311,480,203,2300,216253.32,55302,-86,-18,-48,9,2300,203,-18,-86,-48,2300,437,-16,-91,-61,
02/04/25 15:23:26,38.91478335,-95.32051941666667,311,480,203,2300,216253.32,55302,-88,-17,-50,8,2300,203,-17,-88,-50,2300,437,-15,-86,-63,2300,110,-16,-87,-63,2300,386,-15,-91,-63,
02/04/25 15:23:29,38.91446283333333,-95.32014956666667,311,480,203,2300,216253.32,55302,-89,-16,-52,8,2300,203,-16,-89,-52,2300,437,-16,-89,-65,2300,369,-20,-96,-65,2300,104,-14,-88,-65,
02/04/25 15:23:32,38.91420118333333,-95.31968576666667,311,480,203,2300,216253.32,55302,-93,-19,-54,7,2300,203,-19,-93,-54,2300,437,-16,-90,-66,2300,110,-19,-93,-66,
02/04/25 15:23:35,38.913998283333335,-95.31918321666667,311,480,386,2300,216150.32,55302,-93,-19,-54,0,2300,386,-19,-93,-54,2300,203,-19,-95,-54,2300,437,-20,-95,-65,2300,332,-18,-91,-65,
02/04/25 15:23:38,38.91388536666667,-95.31871958333333,311,480,386,2300,216150.32,55302,-93,-20,-53,6,2300,386,-20,-93,-53,2300,202,-19,-94,-66,2300,203,-13,-93,-66,2300,110,-17,-91,-66,2300,437,-18,-93,-66,
02/04/25 15:23:41,38.913756383333336,-95.31826538333334,311,480,281,2300,216247.32,55302,-93,-16,-56,6,2300,281,-16,-93,-56,2300,203,-15,-91,-67,2300,110,-20,-100,-67,2300,437,-16,-91,-67,
02/04/25 15:23:46,38.91368176666667,-95.3174666,311,480,203,2300,216253.32,55302,-91,-17,-54,8,2300,203,-17,-91,-54,2300,110,-16,-90,-65,
02/04/25 15:23:50,38.91364585,-95.3168419,311,480,203,2300,216253.32,55302,-94,-18,-54,7,2300,203,-18,-94,-54,2300,110,-15,-91,-66,
02/04/25 15:23:53,38.91358546666667,-95.31636518333333,311,480,203,2300,216253.32,55302,-95,-20,-55,7,2300,203,-20,-95,-55,2300,386,-16,-91,-67,2300,104,-17,-92,-67,2300,110,-19,-94,-67,
02/04/25 15:23:56,38.91358281666667,-95.31586675,311,480,203,2300,216253.32,55302,-92,-18,-53,9,2300,203,-18,-92,-53,2300,437,-17,-91,-66,2300,104,-20,-95,-65,2300,110,-18,-100,-66,
02/04/25 15:23:59,38.91360658333333,-95.31535365,311,480,203,2300,216253.32,55302,-94,-19,-55,8,2300,203,-19,-94,-55,2300,437,-18,-93,-67,2300,110,-17,-97,-67,2300,104,-18,-94,-67,
02/04/25 15:24:02,38.91362095,-95.31488263333334,311,480,203,2300,216253.32,55302,-92,-18,-53,8,2300,203,-18,-92,-53,2300,437,-17,-90,-65,2300,110,-20,-97,-65,2300,104,-19,-95,-66,
02/04/25 15:24:05,38.9136113,-95.31443933333334,311,480,203,2300,216253.32,55302,-90,-17,-53,7,2300,203,-17,-90,-53,2300,110,-15,-94,-67,2300,386,-13,-91,-67,2300,202,-17,-92,-67,
02/04/25 15:24:08,38.91363523333333,-95.31403411666666,311,480,386,2300,216150.32,55302,-91,-18,-53,0,2300,386,-18,-91,-53,2300,203,-20,-99,-53,2300,110,-13,-90,-66,2300,104,-18,-92,-66,
02/04/25 15:24:11,38.913931416666664,-95.31424331666666,311,480,281,2300,216247.32,55302,-90,-15,-55,6,2300,281,-15,-90,-55,2300,104,-16,-89,-66,2300,203,-15,-89,-66,2300,110,-17,-93,-66,2300,386,-14,-89,-66,
02/04/25 15:24:15,38.91435778333334,-95.31478458333333,311,480,281,2300,216247.32,55302,-92,-15,-55,7,2300,281,-15,-92,-55,2300,110,-16,-91,-67,2300,203,-16,-98,-67,2300,370,-17,-92,-67,
02/04/25 15:24:18,38.91475413333333,-95.31510286666666,311,480,281,2300,216247.32,55302,-95,-20,-54,5,2300,281,-20,-95,-54,2300,203,-16,-93,-65,2300,110,-20,-97,-65,
02/04/25 15:24:21,38.915106683333335,-95.31521431666667,311,480,386,2300,216150.32,55302,-93,-20,-52,0,2300,386,-20,-93,-52,2300,281,-17,-92,-55,2300,110,-17,-103,-65,2300,203,-19,-103,-65,2300,332,-19,-100,-65,
02/04/25 15:24:24,38.9154673,-95.31531461666667,311,480,386,2300,216150.32,55302,-88,-17,-51,9,2300,386,-17,-88,-51,2300,203,-17,-92,-64,2300,281,-20,-97,-64,
02/04/25 15:24:27,38.9158494,-95.31537875,311,480,386,2300,216150.32,55302,-93,-20,-52,3,2300,386,-20,-93,-52,2300,332,-18,-91,-65,2300,203,-18,-90,-65,2300,110,-16,-89,-65,
02/04/25 15:24:30,38.91621516666667,-95.31550713333333,311,480,386,2300,216150.32,55302,-95,-20,-50,5,2300,386,-20,-95,-50,2300,110,-16,-89,-63,2300,203,-20,-93,-63,2300,256,-20,-93,-64,
02/04/25 15:24:33,38.91659545,-95.31574973333333,311,480,110,2300,216458.32,55302,-95,-20,-52,5,2300,386,-18,-93,-53,2300,203,-18,-91,-64,2300,110,-20,-95,-52,
02/04/25 15:24:36,38.9169442,-95.31592568333333,311,480,386,2300,216150.32,55302,-97,-20,-51,7,2300,386,-20,-97,-51,2300,110,-14,-90,-64,
02/04/25 15:24:39,38.917202083333336,-95.31557235,311,480,110,2300,216458.32,55302,-91,-20,-50,7,2300,386,-15,-86,-51,2300,110,-20,-91,-63,
02/04/25 15:24:43,38.91664196666667,-95.31519426666667,311,480,386,2300,216150.32,55302,-94,-19,-53,5,2300,386,-19,-94,-53,2300,110,-18,-95,-65,2300,104,-18,-92,-66,
02/04/25 15:24:46,38.91639498333333,-95.31564348333333,311,480,386,2300,216150.32,55302,-91,-19,-52,7,2300,386,-19,-91,-52,2300,203,-18,-95,-66,2300,110,-17,-90,-65,2300,281,-17,-91,-65,
02/04/25 15:24:50,38.916804866666666,-95.31599235,311,480,386,2300,216150.32,55302,-97,-20,-50,4,2300,386,-20,-97,-50,2300,110,-19,-91,-63,2300,203,-16,-87,-63,
02/04/25 15:24:53,38.91714098333333,-95.31585445,311,480,386,2300,216150.32,55302,-90,-18,-51,8,2300,386,-18,-90,-51,2300,110,-14,-85,-63,2300,104,-16,-89,-63,
02/04/25 15:24:56,38.91652755,-95.31586683333333,311,480,386,2300,216150.32,55302,-95,-20,-54,6,2300,281,-17,-92,-54,2300,110,-15,-90,-67,2300,386,-20,-95,-54,2300,203,-13,-93,-66,2300,256,-20,-102,-67,
02/04/25 15:24:59,38.916365983333336,-95.31629498333334,311,480,281,2300,216247.32,55302,-90,-17,-53,7,2300,281,-17,-90,-53,2300,203,-20,-97,-64,2300,386,-14,-93,-64,
02/04/25 15:25:02,38.91667783333333,-95.31647271666667,311,480,203,2300,216253.32,55302,-88,-16,-52,0,2300,203,-16,-88,-52,2300,386,-19,-92,-64,2300,110,-16,-89,-65,2300,369,-20,-99,-64,2300,281,-16,-90,-53,
02/04/25 15:25:05,38.916801533333334,-95.31601243333333,311,480,203,2300,216253.32,55302,-89,-20,-48,5,2300,203,-20,-89,-48,2300,437,-18,-88,-61,2300,386,-15,-85,-61,2300,110,-15,-86,-62,
02/04/25 15:25:08,38.91651091666667,-95.31550511666667,311,480,386,5230,216150.3,55302,-88,-20,-47,8,5230,437,-17,-81,-47,5230,369,-18,-84,-58,5230,203,-15,-81,-58,5230,330,-17,-81,-56,5230,337,-16,-82,-58,
02/04/25 15:25:13,38.915878316666664,-95.31592515,65535,65535,0,-1,16777215.255,65535,0,0,0,0,
02/04/25 15:25:16,38.91618758333333,-95.3160855,311,480,330,5230,220252.1,55302,-84,-20,-43,8,5230,330,-20,-84,-43,5230,386,-19,-83,-55,5230,104,-19,-82,-55,
02/04/25 15:25:19,38.916389833333334,-95.31570628333333,311,480,330,5230,220252.1,55302,-85,-20,-44,7,5230,386,-19,-80,-43,5230,203,-18,-81,-55,5230,330,-20,-85,-44,5230,437,-16,-79,-54,
02/04/25 15:25:22,38.916551166666665,-95.31527058333333,311,480,203,5230,216253.3,55302,-83,-16,-48,0,5230,203,-16,-83,-48,5230,386,-20,-87,-49,5230,437,-18,-85,-59,
02/04/25 15:25:25,38.916851783333335,-95.3152291,311,480,203,5230,216253.3,55302,-85,-18,-46,7,5230,203,-18,-85,-46,5230,386,-18,-85,-58,
02/04/25 15:25:28,38.91698335,-95.31570138333333,311,480,203,5230,216253.3,55302,-77,-16,-44,8,5230,203,-16,-77,-44,5230,330,-18,-83,-54,5230,104,-18,-83,-54,
02/04/25 15:25:31,38.91707993333333,-95.31631143333334,311,480,203,5230,216253.3,55302,-77,-16,-43,7,5230,203,-16,-77,-43,5230,386,-13,-81,-56,5230,104,-16,-79,-55,
02/04/25 15:25:34,38.91724346666667,-95.31691083333334,311,480,203,5230,216253.3,55302,-78,-16,-44,7,5230,203,-16,-78,-45,5230,386,-14,-78,-56,
02/04/25 15:25:40,38.91723463333334,-95.3181369,311,480,203,5230,216253.3,55302,-78,-15,-46,8,5230,203,-15,-78,-46,5230,386,-13,-79,-58,
02/04/25 15:25:43,38.91723338333333,-95.31876643333334,311,480,203,5230,216253.3,55302,-81,-17,-47,6,5230,203,-17,-81,-47,5230,386,-14,-80,-58,
02/04/25 15:25:46,38.91723315,-95.31936875,311,480,203,2300,216253.32,55302,-89,-15,-54,9,2300,203,-15,-89,-54,
02/04/25 15:25:49,38.91719998333333,-95.32000075,311,480,203,2300,216253.32,55302,-93,-17,-56,10,2300,203,-17,-93,-56,
02/04/25 15:25:52,38.91706163333333,-95.32063228333334,311,480,203,2300,216253.32,55302,-99,-15,-55,8,2300,203,-15,-99,-55,
02/04/25 15:25:55,38.91674558333333,-95.32118736666666,311,480,203,2300,216253.32,55302,-105,-18,-56,5,2300,203,-18,-105,-56,
02/04/25 15:25:58,38.91626601666667,-95.32157905,311,480,110,2300,216458.32,55302,-96,-20,-54,0,2300,110,-20,-96,-54,2300,203,-20,-96,-53,2300,256,-17,-96,-65,2300,386,-18,-92,-66,2300,104,-18,-92,-65,
02/04/25 15:26:01,38.915679016666665,-95.32174745,311,480,110,2300,216458.32,55302,-94,-20,-51,4,2300,110,-20,-94,-51,2300,386,-17,-88,-63,2300,203,-15,-86,-63,2300,104,-16,-87,-63,
02/04/25 15:26:04,38.91512158333333,-95.3217434,311,480,203,2300,216253.32,55302,-94,-20,-53,7,2300,203,-20,-93,-53,2300,386,-17,-94,-66,
02/04/25 15:26:08,38.91443228333333,-95.32154703333333,311,480,203,2300,216253.32,55302,-85,-13,-52,10,2300,203,-15,-87,-51,2300,202,-17,-89,-64,
02/04/25 15:26:13,38.9137285,-95.32100598333334,311,480,203,2300,216253.32,55302,-89,-15,-53,8,2300,203,-15,-89,-53,2300,386,-13,-87,-66,2300,437,-13,-88,-66,
02/04/25 15:26:16,38.91348985,-95.3205515,311,480,203,2300,216253.32,55302,-92,-20,-52,8,2300,203,-20,-92,-52,2300,437,-16,-90,-66,2300,386,-16,-89,-65,
02/04/25 15:26:19,38.91330528333334,-95.32007881666667,311,480,203,2300,216253.32,55302,-93,-19,-53,7,2300,203,-19,-93,-53,2300,386,-15,-89,-66,
02/04/25 15:26:22,38.91316103333333,-95.31959811666667,311,480,203,2300,216253.32,55302,-89,-15,-53,9,2300,203,-15,-89,-53,2300,386,-15,-89,-65,2300,202,-20,-98,-66,
02/04/25 15:26:25,38.91305055,-95.31914845,311,480,203,2300,216253.32,55302,-92,-17,-54,9,2300,203,-17,-92,-54,2300,386,-14,-89,-67,2300,202,-18,-94,-67,
02/04/25 15:26:28,38.91298688333333,-95.3186844,311,480,203,2300,216253.32,55302,-93,-16,-55,10,2300,203,-16,-93,-55,2300,362,-20,-102,-67,2300,104,-20,-101,-67,
02/04/25 15:26:31,38.9129522,-95.31820708333333,311,480,203,2300,216253.32,55302,-91,-16,-53,10,2300,203,-18,-93,-54,2300,437,-19,-94,-67,2300,386,-20,-99,-66,
02/04/25 15:26:37,38.9129656,-95.31728145,311,480,203,2300,216253.32,55302,-92,-19,-53,7,2300,203,-19,-93,-54,
02/04/25 15:26:40,38.91296571666667,-95.31678835,311,480,203,2300,216253.32,55302,-94,-19,-54,8,2300,203,-19,-94,-54,2300,386,-16,-90,-66,2300,110,-19,-94,-67,2300,104,-19,-94,-67,2300,202,-20,-97,-66,
02/04/25 15:26:43,38.91294775,-95.31630633333333,311,480,203,2300,216253.32,55302,-93,-19,-54,8,2300,203,-19,-93,-54,2300,386,-15,-90,-67,2300,110,-17,-95,-67,
02/04/25 15:26:46,38.912948883333335,-95.31583156666667,311,480,203,2300,216253.32,55302,-92,-18,-54,8,2300,203,-18,-92,-54,2300,386,-18,-93,-66,2300,110,-19,-93,-66,
02/04/25 15:26:49,38.912963966666666,-95.31536648333334,311,480,203,2300,216253.32,55302,-93,-18,-55,9,2300,203,-18,-93,-54,2300,386,-17,-92,-65,2300,110,-20,-98,-67,2300,202,-17,-94,-67,2300,256,-17,-91,-65,2300,104,-20,-98,-67,
02/04/25 15:26:52,38.913008766666664,-95.31488796666666,311,480,203,2300,216253.32,55302,-91,-18,-52,7,2300,203,-18,-91,-52,2300,386,-18,-102,-65,2300,202,-20,-95,-65,2300,437,-19,-92,-65,
02/04/25 15:26:55,38.91310565,-95.31442495,311,480,203,2300,216253.32,55302,-93,-20,-51,7,2300,203,-20,-92,-52,2300,110,-17,-90,-64,2300,386,-19,-93,-64,
02/04/25 15:26:58,38.91323061666667,-95.31398811666666,311,480,203,5230,216253.3,55302,-77,-15,-43,8,5230,203,-15,-76,-43,5230,330,-17,-88,-54,5230,202,-20,-83,-54,
02/04/25 15:27:01,38.91339798333333,-95.31361053333333,311,480,203,5230,216253.3,55302,-78,-15,-45,7,5230,203,-17,-79,-45,5230,369,-20,-93,-56,
02/04/25 15:27:05,38.913689266666665,-95.31396165,311,480,203,5230,216253.3,55302,-78,-17,-42,7,5230,203,-17,-76,-42,5230,202,-20,-82,-53,
02/04/25 15:27:08,38.91402165,-95.31434981666666,311,480,203,5230,216253.3,55302,-79,-16,-42,8,5230,203,-16,-79,-42,5230,110,-17,-79,-54,
02/04/25 15:27:12,38.914636566666665,-95.3145022,311,480,203,5230,216253.3,55302,-83,-18,-45,7,5230,203,-19,-84,-44,5230,330,-20,-94,-57,5230,386,-20,-94,-57,
02/04/25 15:27:15,38.9150269,-95.31446766666667,311,480,203,5230,216253.3,55302,-83,-20,-45,7,5230,203,-20,-84,-47,5230,330,-17,-87,-58,5230,386,-20,-87,-58,
02/04/25 15:27:18,38.91541238333333,-95.31455873333333,311,480,203,5230,216253.3,55302,-84,-20,-44,7,5230,203,-20,-84,-44,5230,110,-19,-83,-55,5230,386,-20,-89,-55,
02/04/25 15:27:21,38.915774416666665,-95.31458481666667,311,480,203,5230,216253.3,55302,-82,-17,-48,8,5230,203,-20,-83,-46,5230,386,-16,-81,-57,5230,330,-17,-84,-57,5230,110,-16,-81,-57,5230,281,-16,-83,-57,5230,256,-18,-82,-56,
02/04/25 15:27:24,38.916103283333335,-95.31470725,311,480,203,5230,216253.3,55302,-81,-18,-45,8,5230,203,-18,-81,-45,5230,369,-20,-89,-58,5230,212,-20,-96,-58,
02/04/25 15:27:27,38.91637845,-95.31506421666667,311,480,203,5230,216253.3,55302,-81,-18,-46,4,5230,203,-18,-81,-46,5230,386,-13,-82,-57,
02/04/25 15:27:30,38.916628233333334,-95.31546263333334,311,480,203,5230,216253.3,55302,-75,-13,-44,10,5230,203,-14,-75,-43,5230,110,-20,-91,-55,
02/04/25 15:27:36,38.917269016666665,-95.31591106666667,311,480,203,5230,216253.3,55302,-76,-13,-46,9,5230,203,-13,-76,-45,5230,202,-20,-86,-56,
02/04/25 15:27:39,38.917621733333334,-95.31602548333333,311,480,203,5230,216253.3,55302,-82,-16,-48,9,5230,203,-14,-79,-46,5230,369,-17,-86,-59,5230,110,-18,-85,-58,5230,330,-18,-85,-58,
02/04/25 15:27:41,38.9177121,-95.31639853333333,311,480,203,5230,216253.3,55302,-88,-20,-46,5,5230,203,-17,-84,-45,5230,369,-20,-88,-55,5230,110,-13,-82,-56,5230,104,-18,-81,-55,
02/04/25 15:27:45,38.91728965,-95.31685243333334,311,480,110,5230,216458.3,55302,-83,-20,-39,5,5230,110,-20,-83,-39,5230,203,-14,-72,-50,5230,330,-20,-86,-50,
02/04/25 15:27:48,38.91711425,-95.31639871666667,311,480,203,5230,216253.3,55302,-75,-15,-43,9,5230,386,-13,-80,-55,5230,203,-14,-76,-44,
02/04/25 15:27:51,38.917018166666665,-95.31594271666667,311,480,104,2300,216144.32,55302,-93,-20,-51,6,2300,104,-20,-93,-51,
02/04/25 15:27:54,38.9167781,-95.31549388333333,311,480,104,2300,216144.32,55302,-101,-20,-55,5,2300,203,-20,-97,-55,2300,386,-15,-97,-68,2300,104,-20,-101,-55,2300,110,-18,-93,-67,
02/04/25 15:27:57,38.916614966666664,-95.31502383333333,311,480,386,2300,216150.32,55302,-94,-20,-53,7,2300,203,-19,-96,-56,
02/04/25 15:28:03,38.91677743333334,-95.31568855,311,480,203,2300,216253.32,55302,-96,-20,-56,6,2300,203,-20,-96,-56,2300,332,-19,-105,-67,2300,386,-19,-94,-67,
02/04/25 15:28:06,38.916945733333336,-95.31633788333333,311,480,203,2300,216253.32,55302,-97,-18,-53,4,2300,203,-18,-97,-53,2300,386,-14,-88,-66,
02/04/25 15:28:09,38.91734725,-95.31647731666666,311,480,386,2300,216150.32,55302,-90,-15,-51,8,2300,203,-13,-82,-61,2300,385,-18,-89,-62,2300,104,-16,-88,-62,2300,386,-15,-91,-50,2300,437,-15,-86,-62,2300,110,-13,-87,-62,
02/04/25 15:28:12,38.91757021666667,-95.31612088333333,311,480,386,2300,216150.32,55302,-88,-19,-49,7,2300,203,-15,-86,-62,2300,386,-19,-88,-49,2300,202,-20,-93,-62,2300,110,-18,-93,-62,
02/04/25 15:28:15,38.91742961666667,-95.31555056666667,311,480,386,2300,216150.32,55302,-82,-13,-48,10,2300,281,-18,-86,-60,2300,386,-13,-82,-48,
02/04/25 15:28:18,38.916952683333335,-95.31523806666667,311,480,386,2300,216150.32,55302,-93,-19,-52,6,2300,110,-15,-93,-66,2300,386,-15,-93,-54,2300,203,-16,-92,-67,
02/04/25 15:28:21,38.916651183333336,-95.31563166666666,311,480,386,2300,216150.32,55302,-97,-20,-51,8,2300,386,-20,-97,-51,
02/04/25 15:28:24,38.91674368333334,-95.31604443333333,311,480,386,2300,216150.32,55302,-87,-16,-51,7,2300,386,-16,-87,-51,2300,203,-17,-91,-64,2300,110,-17,-91,-64,
02/04/25 15:28:27,38.9169536,-95.31636865,311,480,386,2300,216150.32,55302,-87,-15,-50,9,2300,386,-16,-92,-51,2300,110,-15,-92,-64,2300,203,-14,-85,-63,
02/04/25 15:28:32,38.917386216666664,-95.31638163333334,311,480,203,5230,216253.3,55302,-77,-19,-41,8,5230,203,-19,-77,-41,
02/04/25 15:28:35,38.917325033333334,-95.3158809,311,480,203,5230,216253.3,55302,-78,-16,-45,8,5230,203,-16,-78,-45,5230,386,-15,-84,-56,5230,330,-19,-84,-56,5230,281,-17,-82,-57,
02/04/25 15:28:38,38.917131266666665,-95.31538661666667,311,480,386,775,216150.34,55302,-87,-16,-56,8,775,110,-17,-88,-63,775,386,-17,-88,-57,
02/04/25 15:28:41,38.91705145,-95.31499441666666,311,480,386,775,216150.34,55302,-109,-10,-85,9,775,386,-10,-109,-85,
02/04/25 15:28:44,38.91723003333333,-95.3151631,311,480,386,775,216150.34,55302,-92,-19,-59,7,775,386,-19,-92,-59,775,104,-16,-93,-67,
02/04/25 15:28:47,38.91718386666667,-95.31582723333334,311,480,203,2300,216253.32,55302,-91,-17,-53,7,2300,203,-17,-91,-53,
02/04/25 15:28:50,38.9172895,-95.31646655,311,480,203,2300,216253.32,55302,-88,-17,-51,7,2300,203,-17,-88,-49,2300,386,-18,-89,-62,2300,256,-20,-94,-63,2300,110,-16,-87,-63,2300,437,-15,-86,-63,2300,104,-15,-90,-63,2300,281,-16,-90,-63,
02/04/25 15:28:53,38.9175756,-95.31642421666666,311,480,203,2300,216253.32,55302,-95,-20,-50,4,2300,203,-20,-95,-50,2300,437,-18,-89,-62,2300,110,-15,-86,-63,2300,386,-17,-88,-63,2300,281,-14,-86,-63,
02/04/25 15:28:56,38.91748811666667,-95.31590128333333,311,480,386,2300,216150.32,55302,-83,-13,-49,11,2300,386,-15,-86,-52,2300,203,-16,-88,-64,2300,110,-19,-93,-65,
02/04/25 15:29:01,38.916881966666665,-95.31556626666666,311,480,203,2300,216253.32,55302,-89,-15,-54,9,2300,203,-15,-89,-54,
02/04/25 15:29:04,38.91698535,-95.31642548333333,311,480,203,2300,216253.32,55302,-89,-18,-51,8,2300,203,-18,-89,-51,2300,437,-15,-88,-64,2300,202,-20,-92,-64,
02/04/25 15:29:07,38.91705481666666,-95.3169981,311,480,203,2300,216253.32,55302,-90,-17,-52,8,2300,203,-17,-90,-52,2300,437,-19,-102,-64,2300,202,-19,-91,-64,
02/04/25 15:29:11,38.917295933333335,-95.31735251666667,311,480,203,2300,216253.32,55302,-87,-17,-50,8,2300,203,-14,-84,-49,2300,110,-20,-99,-62,2300,437,-18,-88,-62,
02/04/25 15:29:14,38.91731991666666,-95.31696948333334,311,480,386,2300,216150.32,55302,-92,-20,-50,7,2300,386,-20,-92,-50,
02/04/25 15:29:17,38.917124816666664,-95.31645951666667,311,480,386,2300,216150.32,55302,-100,-20,-54,4,2300,386,-17,-98,-53,2300,281,-16,-90,-66,2300,203,-16,-94,-66,2300,110,-17,-101,-66,
02/04/25 15:29:20,38.91705235,-95.31599206666667,311,480,281,2300,216247.32,55302,-90,-18,-46,7,2300,281,-18,-90,-46,2300,202,-17,-84,-58,2300,203,-16,-84,-58,2300,386,-18,-85,-58,2300,110,-16,-83,-58,
02/04/25 15:29:23,38.91682526666666,-95.3155982,311,480,386,2300,216150.32,55302,-99,-20,-53,5,2300,386,-20,-99,-53,2300,110,-15,-89,-66,
02/04/25 15:29:26,38.91638495,-95.31597055,311,480,203,2300,216253.32,55302,-98,-20,-54,5,2300,203,-20,-98,-54,2300,110,-14,-91,-67,2300,104,-17,-91,-66,
02/04/25 15:29:29,38.91653051666667,-95.31625341666667,311,480,203,2300,216253.32,55302,-90,-18,-52,8,2300,203,-18,-90,-52,2300,110,-14,-87,-64,2300,104,-20,-95,-65,2300,369,-17,-90,-65,
02/04/25 15:29:32,38.9166215,-95.3159322,311,480,203,2300,216253.32,55302,-93,-19,-53,7,2300,203,-19,-93,-53,2300,110,-18,-93,-66,2300,386,-18,-92,-65,2300,437,-17,-91,-65,
02/04/25 15:29:35,38.91668488333333,-95.3156291,311,480,203,2300,216253.32,55302,-93,-20,-51,4,2300,203,-20,-93,-51,2300,110,-17,-100,-63,2300,386,-17,-88,-62,
02/04/25 15:29:38,38.91680595,-95.31563051666667,311,480,203,2300,216253.32,55302,-95,-20,-54,5,2300,203,-20,-95,-54,2300,386,-13,-88,-67,2300,110,-14,-89,-67,2300,202,-18,-95,-67,
02/04/25 15:29:41,38.916841633333334,-95.31617795,311,480,203,2300,216253.32,55302,-91,-19,-52,8,2300,203,-19,-91,-52,2300,110,-20,-95,-64,2300,386,-13,-92,-64,2300,202,-20,-94,-65,
02/04/25 15:29:44,38.9169203,-95.31654901666667,311,480,203,2300,216253.32,55302,-96,-20,-52,5,2300,203,-20,-96,-52,2300,386,-15,-87,-64,2300,110,-17,-89,-64,2300,369,-18,-91,-64,
02/04/25 15:29:47,38.917119183333334,-95.31676586666667,311,480,386,2300,216150.32,55302,-90,-17,-48,8,2300,386,-17,-90,-48,2300,104,-20,-99,-61,2300,369,-19,-99,-61,
02/04/25 15:29:50,38.91726336666667,-95.3165318,311,480,386,2300,216150.32,55302,-90,-14,-51,9,2300,386,-14,-90,-51,2300,110,-17,-91,-64,2300,281,-18,-91,-64,2300,203,-14,-86,-64,2300,437,-15,-87,-64,
02/04/25 15:29:53,38.917326433333336,-95.31613403333333,311,480,203,2300,216253.32,55302,-95,-20,-53,5,2300,203,-20,-96,-51,2300,110,-16,-87,-63,2300,386,-16,-87,-63,
02/04/25 15:29:59,38.91744668333333,-95.31559805,311,480,203,2300,216253.32,55302,-91,-20,-50,6,2300,203,-20,-91,-50,2300,110,-17,-88,-62,2300,386,-16,-87,-63,2300,104,-20,-94,-63,
02/04/25 15:30:02,38.91751751666666,-95.31614191666667,311,480,203,2300,216253.32,55302,-92,-19,-53,7,2300,203,-19,-92,-53,2300,437,-17,-91,-66,2300,386,-16,-90,-66,2300,332,-18,-93,-66,
02/04/25 15:30:05,38.9176032,-95.31674595,311,480,203,2300,216253.32,55302,-93,-20,-51,6,2300,203,-20,-93,-51,2300,437,-19,-92,-63,2300,386,-12,-83,-63,2300,110,-18,-94,-63,
02/04/25 15:30:08,38.917837883333334,-95.31714566666666,311,480,386,2300,216150.32,55302,-87,-16,-50,10,2300,386,-15,-86,-50,2300,281,-15,-87,-63,2300,110,-15,-92,-63,2300,104,-17,-88,-63,2300,203,-16,-87,-63,
02/04/25 15:30:11,38.91810756666667,-95.31746176666667,311,480,386,2300,216150.32,55302,-88,-16,-51,8,2300,386,-13,-87,-51,2300,203,-17,-89,-64,2300,110,-16,-92,-64,
02/04/25 15:30:14,38.91833585,-95.31785965,311,480,386,2300,216150.32,55302,-90,-14,-51,10,2300,386,-14,-90,-51,2300,203,-12,-82,-62,2300,202,-20,-91,-62,2300,170,-18,-88,-63,
02/04/25 15:30:17,38.918502266666664,-95.3183562,311,480,203,2300,216253.32,55302,-93,-16,-52,9,2300,203,-16,-93,-52,2300,386,-13,-86,-65,2300,437,-16,-89,-64,
02/04/25 15:30:22,38.9179818,-95.3190475,311,480,203,2300,216253.32,55302,-95,-19,-55,7,2300,203,-18,-91,-53,2300,110,-20,-99,-66,2300,202,-19,-93,-66,2300,437,-18,-92,-65,
02/04/25 15:30:27,38.91760583333333,-95.3183347,311,480,203,2300,216253.32,55302,-92,-17,-54,8,2300,203,-17,-92,-54,2300,110,-15,-92,-68,2300,386,-16,-92,-68,2300,369,-17,-94,-68,
02/04/25 15:30:30,38.917550766666665,-95.3178611,311,480,203,2300,216253.32,55302,-93,-17,-55,7,2300,203,-17,-93,-55,2300,386,-15,-91,-68,2300,110,-16,-93,-68,2300,369,-16,-96,-68,
02/04/25 15:30:34,38.91741578333333,-95.31713115,311,480,203,2300,216253.32,55302,-92,-15,-54,10,2300,203,-15,-92,-54,2300,386,-13,-90,-68,2300,110,-15,-95,-68,2300,369,-20,-97,-68,
02/04/25 15:30:37,38.91735405,-95.31659343333334,311,480,203,2300,216253.32,55302,-89,-16,-52,10,2300,203,-16,-89,-52,2300,386,-20,-92,-64,2300,110,-19,-91,-64,2300,369,-19,-92,-64,
02/04/25 15:30:40,38.91734256666667,-95.31613916666667,311,480,203,2300,216253.32,55302,-92,-18,-53,8,2300,203,-18,-92,-53,2300,110,-16,-91,-67,2300,386,-15,-90,-66,2300,369,-16,-94,-66,
02/04/25 15:30:43,38.91732928333333,-95.31575578333333,311,480,203,2300,216253.32,55302,-95,-20,-49,5,2300,203,-20,-95,-49,2300,386,-13,-83,-62,2300,437,-19,-91,-62,
02/04/25 15:30:46,38.91697156666667,-95.3154975,311,480,386,2300,216150.32,55302,-96,-19,-54,6,2300,386,-19,-96,-54,2300,203,-16,-90,-66,2300,437,-16,-90,-66,
02/04/25 15:30:49,38.916679583333334,-95.3159781,311,480,386,2300,216150.32,55302,-94,-16,-53,7,2300,386,-16,-94,-53,2300,110,-13,-87,-66,2300,203,-12,-86,-66,
02/04/25 15:30:52,38.916812183333334,-95.31639576666667,311,480,386,2300,216150.32,55302,-87,-15,-51,8,2300,386,-15,-87,-51,2300,437,-16,-88,-64,2300,203,-15,-86,-63,
02/04/25 15:30:58,38.917186466666664,-95.31621495,311,480,203,2300,216253.32,55302,-89,-18,-51,0,2300,203,-18,-89,-51,2300,386,-20,-101,-51,2300,437,-16,-88,-64,
02/04/25 15:31:01,38.917200666666666,-95.31582968333333,311,480,203,2300,216253.32,55302,-87,-18,-48,7,2300,203,-18,-87,-48,2300,386,-11,-77,-59,2300,437,-16,-83,-59,2300,110,-14,-82,-59,2300,202,-17,-86,-59,
02/04/25 15:31:04,38.917046316666664,-95.31543353333333,311,480,386,2300,216150.32,55302,-91,-17,-50,5,2300,386,-17,-91,-50,2300,110,-16,-87,-62,
02/04/25 15:31:07,38.9166008,-95.31544868333333,311,480,110,2300,216458.32,55302,-95,-20,-55,0,2300,110,-20,-100,-54,2300,281,-17,-91,-65,2300,386,-15,-88,-65,2300,203,-11,-86,-66,
02/04/25 15:31:10,38.91645488333333,-95.31602556666667,311,480,110,2300,216458.32,55302,-101,-17,-53,8,2300,110,-17,-101,-53,2300,203,-18,-92,-66,2300,281,-18,-92,-66,2300,386,-19,-92,-65,
02/04/25 15:31:13,38.91663068333333,-95.3164211,311,480,203,2300,216253.32,55302,-96,-20,-53,7,2300,203,-20,-96,-53,2300,369,-20,-95,-65,2300,386,-19,-92,-65,2300,104,-19,-96,-66,2300,110,-18,-93,-67,
02/04/25 15:31:16,38.916875366666666,-95.3166625,311,480,203,2300,216253.32,55302,-93,-20,-52,7,2300,203,-20,-93,-52,2300,110,-18,-91,-65,2300,386,-20,-99,-64,2300,332,-17,-90,-65,
02/04/25 15:31:19,38.9171168,-95.31683546666666,311,480,203,2300,216253.32,55302,-82,-16,-46,10,2300,203,-20,-92,-52,2300,386,-16,-89,-65,2300,202,-16,-90,-65,
02/04/25 15:31:24,38.917324216666664,-95.31650976666667,311,480,203,2300,216253.32,55302,-88,-16,-51,9,2300,203,-16,-88,-51,2300,386,-18,-90,-64,2300,437,-19,-91,-64,
02/04/25 15:31:27,38.917272133333334,-95.31609386666666,311,480,203,2300,216253.32,55302,-87,-16,-51,7,2300,203,-16,-87,-51,2300,386,-18,-89,-63,2300,437,-20,-101,-63,
02/04/25 15:31:30,38.91713025,-95.3155756,311,480,386,2300,216150.32,55302,-95,-20,-51,8,2300,386,-20,-95,-51,2300,110,-16,-88,-64,2300,203,-17,-92,-64,
02/04/25 15:31:34,38.91651903333333,-95.31561303333334,311,480,203,2300,216253.32,55302,-92,-18,-50,10,2300,203,-19,-90,-51,2300,110,-19,-92,-64,2300,202,-19,-93,-64,
02/04/25 15:31:37,38.9165877,-95.31612615,311,480,203,2300,216253.32,55302,-87,-17,-50,9,2300,203,-17,-87,-50,2300,202,-17,-90,-63,2300,110,-17,-90,-63,
02/04/25 15:31:40,38.91673951666667,-95.31662173333333,311,480,203,2300,216253.32,55302,-91,-18,-52,8,2300,203,-18,-91,-52,2300,110,-16,-90,-65,2300,104,-20,-94,-65,2300,386,-16,-94,-65,
02/04/25 15:31:43,38.91693323333333,-95.31702146666666,311,480,203,2300,216253.32,55302,-86,-16,-50,9,2300,203,-16,-86,-50,2300,202,-16,-88,-61,2300,110,-19,-88,-61,2300,386,-17,-86,-61,
02/04/25 15:31:46,38.91706685,-95.31745328333334,311,480,203,2300,216253.32,55302,-90,-19,-51,8,2300,203,-19,-90,-51,2300,386,-14,-89,-65,2300,110,-14,-87,-65,2300,202,-18,-91,-65,
02/04/25 15:31:49,38.9172072,-95.3179665,311,480,203,2300,216253.32,55302,-84,-14,-49,11,2300,203,-14,-84,-49,2300,110,-18,-90,-63,2300,386,-14,-86,-62,2300,202,-18,-89,-62,
02/04/25 15:31:52,38.91736445,-95.31848268333333,311,480,203,2300,216253.32,55302,-92,-18,-53,9,2300,203,-18,-92,-53,2300,437,-18,-92,-66,2300,332,-20,-96,-66,
02/04/25 15:31:55,38.91740788333333,-95.3191434,311,480,203,2300,216253.32,55302,-89,-14,-54,10,2300,203,-14,-89,-54,2300,437,-14,-89,-67,2300,332,-16,-91,-67,2300,369,-18,-96,-67,
02/04/25 15:31:58,38.91731841666667,-95.31984153333333,311,480,203,2300,216253.32,55302,-96,-14,-54,9,2300,203,-14,-96,-54,2300,332,-15,-97,-68,2300,437,-15,-94,-68,2300,369,-17,-102,-68,
02/04/25 15:32:01,38.9170296,-95.3204892,311,480,203,2300,216253.32,55302,-100,-17,-57,6,2300,203,-17,-100,-57,2300,386,-20,-98,-70,2300,437,-17,-103,-70,
02/04/25 15:32:04,38.91655935,-95.32096735,311,480,386,2300,216150.32,55302,-86,-15,-51,0,2300,386,-15,-86,-51,2300,110,-18,-90,-63,2300,369,-20,-95,-63,2300,203,-17,-93,-51,2300,256,-16,-90,-63,
02/04/25 15:32:07,38.9159742,-95.32121063333334,311,480,386,2300,216150.32,55302,-91,-18,-53,8,2300,386,-18,-91,-53,2300,104,-15,-88,-65,
02/04/25 15:32:10,38.915345216666665,-95.3212649,311,480,386,2300,216150.32,55302,-95,-20,-52,5,2300,203,-20,-95,-52,2300,386,-20,-95,-52,2300,104,-20,-94,-65,
02/04/25 15:32:13,38.91478321666666,-95.32115888333334,311,480,203,2300,216253.32,55302,-86,-15,-50,9,2300,203,-15,-86,-50,2300,386,-12,-89,-63,
02/04/25 15:32:16,38.91435153333333,-95.3208519,311,480,203,2300,216253.32,55302,-92,-19,-53,8,2300,203,-18,-93,-54,2300,437,-15,-91,-66,2300,386,-20,-95,-66,
02/04/25 15:32:21,38.9139377,-95.32011273333333,311,480,203,2300,216253.32,55302,-95,-19,-55,7,2300,203,-19,-95,-55,2300,437,-19,-94,-67,2300,386,-19,-95,-67,
02/04/25 15:32:24,38.913796516666665,-95.31961983333333,311,480,203,2300,216253.32,55302,-91,-16,-53,9,2300,203,-16,-91,-53,2300,386,-16,-90,-66,2300,437,-18,-92,-66,2300,110,-20,-95,-66,
02/04/25 15:32:27,38.91369053333333,-95.31912083333333,311,480,203,2300,216253.32,55302,-91,-17,-52,10,2300,203,-17,-91,-52,2300,386,-17,-91,-66,2300,437,-17,-91,-65,2300,110,-17,-91,-65,
02/04/25 15:32:30,38.91363303333333,-95.31863606666667,311,480,203,2300,216253.32,55302,-91,-15,-53,10,2300,203,-15,-91,-53,2300,110,-18,-93,-66,2300,386,-19,-93,-66,2300,437,-16,-90,-66,
02/04/25 15:32:33,38.913590883333335,-95.31813721666667,311,480,203,2300,216253.32,55302,-92,-17,-54,9,2300,203,-17,-92,-54,2300,437,-15,-90,-67,2300,110,-15,-90,-67,2300,386,-14,-88,-66,
02/04/25 15:32:36,38.913588233333336,-95.31764133333333,311,480,203,2300,216253.32,55302,-90,-16,-53,9,2300,203,-16,-90,-53,2300,437,-14,-88,-65,2300,110,-17,-91,-65,2300,386,-14,-91,-65,
02/04/25 15:32:39,38.91358423333333,-95.31716916666667,311,480,203,2300,216253.32,55302,-89,-18,-51,9,2300,203,-18,-89,-51,2300,386,-15,-88,-65,2300,437,-14,-88,-65,2300,110,-15,-88,-65,
02/04/25 15:32:42,38.91359271666666,-95.31667793333334,311,480,203,2300,216253.32,55302,-91,-16,-53,9,2300,203,-16,-91,-53,2300,202,-17,-90,-65,2300,386,-17,-90,-65,
02/04/25 15:32:45,38.91357946666667,-95.31619321666666,311,480,203,2300,216253.32,55302,-92,-18,-52,8,2300,203,-17,-93,-55,2300,386,-20,-99,-67,2300,202,-18,-95,-67,
02/04/25 15:32:50,38.91360121666666,-95.31538021666667,311,480,203,2300,216253.32,55302,-90,-15,-54,9,2300,203,-15,-90,-54,2300,386,-19,-93,-66,2300,202,-17,-92,-67,
02/04/25 15:32:53,38.9137145,-95.31492923333333,311,480,203,2300,216253.32,55302,-95,-20,-54,7,2300,203,-20,-99,-54,2300,386,-18,-96,-68,2300,110,-16,-91,-67,2300,437,-19,-94,-67,
02/04/25 15:32:57,38.91393623333333,-95.31445753333334,311,480,203,2300,216253.32,55302,-94,-20,-53,7,2300,203,-20,-94,-53,2300,110,-18,-91,-65,
02/04/25 15:33:00,38.914173266666666,-95.3142025,311,480,203,2300,216253.32,55302,-95,-20,-53,5,2300,203,-20,-95,-53,2300,386,-16,-90,-65,2300,110,-17,-90,-65,
02/04/25 15:33:03,38.91439628333333,-95.3139585,311,480,203,2300,216253.32,55302,-90,-18,-52,8,2300,203,-18,-90,-52,2300,110,-16,-90,-64,2300,386,-19,-94,-64,2300,104,-15,-92,-65,
02/04/25 15:33:06,38.91462898333333,-95.31377603333334,311,480,203,2300,216253.32,55302,-93,-20,-51,6,2300,203,-20,-94,-52,2300,110,-14,-87,-65,
02/04/25 15:33:09,38.914874833333336,-95.31359021666667,311,480,110,2300,216458.32,55302,-92,-20,-51,8,2300,110,-20,-92,-51,2300,203,-19,-92,-65,2300,104,-17,-92,-64,2300,386,-17,-93,-65,
02/04/25 15:33:12,38.91514705,-95.31344483333334,311,480,386,2300,216150.32,55302,-86,-17,-49,0,2300,386,-17,-86,-49,2300,110,-20,-91,-50,2300,203,-19,-90,-63,2300,104,-16,-87,-63,
02/04/25 15:33:15,38.915431766666664,-95.31337548333333,311,480,386,2300,216150.32,55302,-96,-20,-53,5,2300,386,-20,-96,-53,2300,104,-17,-91,-66,2300,110,-18,-92,-66,2300,203,-20,-97,-66,
02/04/25 15:33:18,38.915733016666664,-95.31336281666667,311,480,386,2300,216150.32,55302,-93,-20,-54,7,2300,386,-20,-93,-54,2300,110,-19,-96,-66,
02/04/25 15:33:21,38.9160298,-95.31338833333334,311,480,386,2300,216150.32,55302,-93,-20,-52,7,2300,386,-20,-93,-52,2300,104,-17,-90,-65,2300,203,-19,-94,-66,2300,110,-16,-92,-66,
02/04/25 15:33:24,38.916350816666665,-95.31347658333334,311,480,386,2300,216150.32,55302,-98,-20,-50,3,2300,386,-20,-95,-50,2300,110,-14,-85,-63,
02/04/25 15:33:27,38.916657066666666,-95.3137021,311,480,281,2300,216247.32,55302,-90,-18,-52,0,2300,281,-18,-90,-52,2300,386,-18,-92,-65,2300,110,-16,-97,-52,
02/04/25 15:33:30,38.916923,-95.31402361666666,311,480,281,2300,216247.32,55302,-91,-17,-54,6,2300,281,-17,-91,-54,2300,110,-19,-92,-65,2300,386,-13,-89,-65,
02/04/25 15:33:33,38.91712795,-95.31448125,311,480,386,2300,216150.32,55302,-89,-14,-52,8,2300,386,-15,-100,-51,2300,203,-15,-88,-65,2300,437,-17,-89,-65,2300,110,-20,-103,-65,
02/04/25 15:33:36,38.9172481,-95.315081,311,480,203,2300,216253.32,55302,-96,-20,-54,5,2300,203,-20,-96,-54,2300,202,-20,-98,-68,2300,110,-20,-98,-68,2300,386,-17,-95,-67,
02/04/25 15:33:39,38.91725815,-95.3157262,311,480,203,2300,216253.32,55302,-91,-15,-56,10,2300,203,-15,-91,-56,2300,386,-16,-94,-67,2300,369,-20,-100,-67,
02/04/25 15:33:42,38.91718175,-95.31638018333334,311,480,203,2300,216253.32,55302,-88,-14,-53,10,2300,203,-13,-88,-54,2300,369,-18,-94,-68,2300,386,-14,-94,-68,
02/04/25 15:33:46,38.91706081666667,-95.3172787,311,480,203,2300,216253.32,55302,-87,-15,-51,10,2300,203,-15,-87,-51,2300,386,-15,-90,-64,2300,369,-15,-93,-64,
02/04/25 15:33:49,38.9170048,-95.317946,311,480,203,2300,216253.32,55302,-89,-14,-55,10,2300,203,-14,-89,-55,2300,386,-16,-92,-68,2300,369,-18,-96,-68,
02/04/25 15:33:52,38.916962833333336,-95.31864251666667,311,480,203,2300,216253.32,55302,-90,-14,-55,10,2300,203,-14,-90,-55,2300,386,-15,-94,-69,
02/04/25 15:33:56,38.916884366666665,-95.31957133333333,311,480,203,2300,216253.32,55302,-86,-12,-54,11,2300,203,-16,-92,-55,2300,386,-14,-91,-69,2300,437,-14,-91,-69,2300,261,-20,-101,-70,
02/04/25 15:33:59,38.916774466666666,-95.32023086666666,311,480,203,2300,216253.32,55302,-92,-14,-53,9,2300,203,-14,-92,-53,2300,386,-20,-98,-67,2300,437,-19,-94,-67,2300,261,-20,-97,-69,
02/04/25 15:34:02,38.916449566666664,-95.32080846666666,311,480,386,2300,216150.32,55302,-93,-17,-55,0,2300,386,-17,-93,-55,2300,203,-20,-105,-53,2300,437,-18,-103,-65,2300,261,-18,-92,-65,
02/04/25 15:34:05,38.91595913333333,-95.32118023333334,311,480,386,2300,216150.32,55302,-88,-16,-52,8,2300,386,-17,-90,-53,2300,110,-14,-88,-65,2300,203,-16,-90,-65,
02/04/25 15:34:08,38.91538536666667,-95.32132138333333,311,480,203,2300,216253.32,55302,-93,-20,-53,0,2300,203,-20,-93,-53,2300,386,-20,-92,-52,2300,110,-16,-93,-64,2300,104,-16,-89,-65,2300,369,-16,-103,-65,
02/04/25 15:34:11,38.91483358333333,-95.32128645,311,480,203,2300,216253.32,55302,-90,-18,-51,7,2300,203,-18,-90,-51,2300,110,-16,-87,-63,2300,437,-18,-89,-63,2300,369,-20,-98,-64,
02/04/25 15:34:14,38.91434483333333,-95.32099898333334,311,480,203,2300,216253.32,55302,-92,-18,-53,7,2300,203,-18,-90,-52,2300,386,-16,-88,-64,2300,437,-19,-92,-64,2300,104,-17,-89,-64,
02/04/25 15:34:17,38.914043766666666,-95.32058483333333,311,480,203,2300,216253.32,55302,-93,-20,-51,7,2300,203,-20,-93,-51,2300,386,-18,-92,-64,
02/04/25 15:34:20,38.913848116666664,-95.32011353333333,311,480,203,2300,216253.32,55302,-89,-17,-52,8,2300,203,-17,-89,-52,2300,386,-15,-87,-65,
02/04/25 15:34:23,38.913715,-95.31964703333334,311,480,203,2300,216253.32,55302,-91,-17,-54,9,2300,203,-17,-92,-54,2300,386,-20,-95,-66,
02/04/25 15:34:26,38.9135928,-95.3191835,311,480,203,2300,216253.32,55302,-92,-18,-54,9,2300,203,-18,-92,-54,2300,386,-15,-89,-66,
02/04/25 15:34:29,38.91353731666667,-95.31874606666666,311,480,203,2300,216253.32,55302,-90,-16,-53,9,2300,203,-16,-90,-53,2300,386,-13,-87,-66,
02/04/25 15:34:32,38.9135083,-95.31828955,311,480,203,2300,216253.32,55302,-91,-15,-54,10,2300,203,-15,-91,-54,2300,386,-13,-87,-66,
02/04/25 15:34:35,38.91349906666667,-95.31786098333333,311,480,203,2300,216253.32,55302,-91,-16,-53,9,2300,203,-16,-91,-53,2300,386,-17,-91,-66,
02/04/25 15:34:38,38.9134958,-95.31741175,311,480,203,2300,216253.32,55302,-94,-20,-53,7,2300,203,-20,-94,-53,2300,386,-16,-93,-67,
02/04/25 15:34:44,38.913518466666666,-95.3165423,311,480,203,2300,216253.32,55302,-91,-15,-54,9,2300,203,-15,-91,-54,2300,386,-15,-91,-67,2300,437,-15,-93,-67,2300,104,-18,-93,-67,2300,110,-18,-93,-67,
02/04/25 15:34:47,38.91353973333333,-95.3161267,311,480,203,2300,216253.32,55302,-90,-16,-52,10,2300,203,-16,-90,-52,2300,437,-15,-89,-65,2300,386,-16,-97,-65,2300,110,-16,-89,-65,2300,104,-16,-97,-65,
02/04/25 15:34:50,38.9135533,-95.31568355,311,480,203,2300,216253.32,55302,-90,-16,-53,9,2300,203,-16,-90,-53,2300,437,-17,-91,-66,2300,110,-15,-89,-66,2300,386,-14,-88,-66,2300,104,-20,-94,-66,
02/04/25 15:34:53,38.9136269,-95.31525901666667,311,480,203,2300,216253.32,55302,-92,-19,-53,7,2300,203,-19,-92,-53,2300,337,-18,-93,-67,2300,386,-20,-104,-66,
02/04/25 15:34:56,38.913751516666665,-95.3148731,311,480,203,2300,216253.32,55302,-90,-17,-53,8,2300,203,-17,-90,-53,2300,386,-15,-91,-66,
02/04/25 15:34:59,38.913908,-95.3145377,311,480,203,2300,216253.32,55302,-94,-20,-53,6,2300,203,-20,-94,-53,2300,110,-18,-93,-66,
02/04/25 15:35:02,38.914062333333334,-95.31427061666666,311,480,386,775,216150.34,55302,-92,-19,-58,8,775,369,-20,-93,-59,
02/04/25 15:35:07,38.91440251666667,-95.31388556666667,311,480,203,2300,216253.32,55302,-94,-20,-51,5,775,386,-15,-87,-57,775,110,-14,-88,-65,775,369,-15,-91,-64,775,202,-16,-89,-65,775,104,-16,-90,-65,
02/04/25 15:35:12,38.914819083333335,-95.31361546666666,311,480,110,775,216458.34,55302,-87,-14,-59,10,775,110,-14,-87,-59,775,203,-19,-94,-67,
02/04/25 15:35:16,38.915216666666666,-95.31349058333333,311,480,104,2300,216144.32,55302,-95,-20,-53,0,2300,104,-20,-95,-53,
02/04/25 15:35:19,38.91552278333333,-95.31342483333333,311,480,104,2300,216144.32,55302,-94,-20,-53,5,2300,104,-20,-94,-53,2300,110,-17,-90,-65,2300,202,-20,-99,-65,
02/04/25 15:35:22,38.915837933333336,-95.31339345,311,480,104,2300,216144.32,55302,-94,-20,-53,6,2300,104,-20,-94,-53,2300,110,-17,-90,-65,2300,202,-20,-99,-65,
02/04/25 15:35:25,38.91614105,-95.31346731666666,311,480,386,2300,216150.32,55302,-89,-18,-51,9,2300,386,-18,-89,-51,2300,110,-15,-88,-64,2300,202,-20,-95,-64,2300,437,-17,-95,-64,2300,203,-15,-92,-64,
02/04/25 15:35:28,38.91645565,-95.31365043333334,311,480,386,2300,216150.32,55302,-90,-15,-52,9,2300,386,-15,-90,-52,2300,110,-14,-86,-64,2300,203,-18,-90,-64,
02/04/25 15:35:31,38.916749833333334,-95.31390713333333,311,480,386,2300,216150.32,55302,-85,-12,-52,9,2300,386,-12,-85,-52,2300,203,-16,-87,-63,2300,281,-14,-86,-64,2300,110,-15,-88,-64,
02/04/25 15:35:34,38.916990133333336,-95.31432953333334,311,480,203,2300,216253.32,55302,-92,-20,-52,0,2300,203,-20,-92,-52,2300,281,-19,-92,-64,2300,110,-18,-95,-64,2300,386,-16,-91,-52,
02/04/25 15:35:37,38.91715415,-95.31485775,311,480,203,2300,216253.32,55302,-97,-20,-55,7,2300,203,-13,-87,-54,2300,386,-16,-95,-65,2300,437,-17,-90,-65,
02/04/25 15:35:43,38.91716455,-95.31612123333333,311,480,203,2300,216253.32,55302,-87,-13,-54,12,2300,203,-13,-87,-54,2300,386,-14,-91,-66,2300,437,-15,-89,-66,
02/04/25 15:35:46,38.91708105,-95.31676981666666,311,480,203,2300,216253.32,55302,-90,-14,-55,10,2300,203,-14,-90,-55,2300,386,-14,-94,-68,2300,437,-15,-91,-68,
02/04/25 15:35:49,38.916989283333336,-95.31743851666667,311,480,203,2300,216253.32,55302,-86,-13,-52,12,2300,203,-13,-86,-52,2300,437,-16,-88,-64,2300,386,-14,-88,-64,
02/04/25 15:35:52,38.91693205,-95.31811715,311,480,203,2300,216253.32,55302,-91,-15,-56,9,2300,203,-15,-91,-56,2300,437,-15,-92,-68,2300,386,-15,-91,-68,
02/04/25 15:35:55,38.916900633333334,-95.31873228333333,311,480,203,2300,216253.32,55302,-90,-15,-55,6,2300,203,-15,-90,-55,2300,437,-15,-93,-69,2300,386,-15,-92,-69,
02/04/25 15:35:58,38.91697008333333,-95.31933978333333,311,480,203,2300,216253.32,55302,-89,-17,-52,7,2300,203,-17,-89,-52,2300,104,-16,-95,-65,2300,386,-13,-86,-65,2300,110,-17,-90,-65,
02/04/25 15:36:01,38.91710513333334,-95.3199097,311,480,203,2300,216253.32,55302,-89,-18,-49,7,2300,203,-18,-89,-49,2300,104,-17,-91,-62,2300,386,-13,-84,-62,
02/04/25 15:36:04,38.91732085,-95.32031016666667,311,480,386,2300,216150.32,55302,-90,-17,-52,8,2300,386,-16,-99,-51,2300,104,-14,-86,-64,2300,203,-11,-83,-64,
02/04/25 15:36:07,38.91743176666667,-95.3200652,311,480,203,2300,216253.32,55302,-87,-15,-51,10,2300,203,-13,-88,-53,2300,386,-14,-87,-65,
02/04/25 15:36:11,38.91736385,-95.31932946666667,311,480,203,2300,216253.32,55302,-89,-16,-52,8,2300,203,-16,-89,-52,2300,386,-14,-87,-64,
02/04/25 15:36:14,38.917172533333336,-95.31865378333333,311,480,203,2300,216253.32,55302,-89,-15,-53,8,2300,203,-15,-89,-53,2300,110,-17,-91,-66,
02/04/25 15:36:18,38.91682671666667,-95.31768431666667,311,480,203,2300,216253.32,55302,-91,-17,-53,8,2300,203,-17,-91,-53,2300,110,-15,-88,-64,2300,202,-18,-91,-64,
02/04/25 15:36:21,38.91663511666667,-95.31699245,311,480,203,2300,216253.32,55302,-93,-19,-52,7,2300,203,-19,-93,-52,2300,202,-19,-92,-65,
02/04/25 15:36:24,38.916486866666666,-95.31643745,311,480,203,2300,216253.32,55302,-94,-19,-55,7,2300,203,-19,-94,-55,2300,386,-15,-91,-67,
02/04/25 15:36:27,38.91637155,-95.31595498333333,311,480,203,2300,216253.32,55302,-99,-19,-57,6,2300,203,-20,-94,-53,2300,110,-12,-88,-67,2300,437,-18,-92,-65,2300,256,-20,-94,-65,
02/04/25 15:36:30,38.916450866666665,-95.31554458333333,311,480,203,2300,216253.32,55302,-86,-15,-51,10,2300,203,-19,-95,-56,2300,202,-17,-99,-70,
02/04/25 15:36:34,38.91663138333333,-95.31616911666667,311,480,203,2300,216253.32,55302,-91,-16,-54,8,2300,203,-15,-90,-54,2300,437,-13,-88,-67,2300,386,-15,-89,-66,2300,369,-19,-94,-67,
02/04/25 15:36:39,38.91671806666667,-95.31721571666667,311,480,203,2300,216253.32,55302,-88,-15,-53,10,2300,203,-15,-88,-53,2300,437,-15,-88,-65,2300,110,-19,-92,-65,
02/04/25 15:36:42,38.916911666666664,-95.3177291,311,480,203,2300,216253.32,55302,-88,-17,-50,9,2300,203,-17,-88,-50,2300,437,-15,-87,-64,2300,110,-16,-88,-64,
02/04/25 15:36:45,38.917042566666666,-95.3182381,311,480,203,2300,216253.32,55302,-86,-12,-54,10,2300,203,-14,-88,-54,2300,110,-15,-90,-67,2300,437,-14,-90,-67,
02/04/25 15:36:48,38.91708216666667,-95.31888396666666,311,480,203,2300,216253.32,55302,-86,-11,-52,11,2300,203,-11,-86,-52,2300,437,-14,-91,-66,2300,110,-14,-87,-66,
02/04/25 15:36:51,38.91676761666667,-95.31938488333333,311,480,203,2300,216253.32,55302,-89,-16,-53,8,2300,203,-16,-89,-53,2300,110,-18,-90,-63,2300,437,-20,-92,-63,
02/04/25 15:36:54,38.91621005,-95.31950001666667,311,480,203,2300,216253.32,55302,-91,-17,-52,6,2300,203,-16,-89,-53,2300,110,-17,-91,-66,2300,370,-18,-92,-65,2300,386,-16,-89,-64,2300,369,-16,-88,-64,
02/04/25 15:36:57,38.91563865,-95.31947318333333,311,480,386,2300,216150.32,55302,-93,-17,-52,0,2300,386,-17,-93,-52,2300,203,-20,-94,-53,2300,369,-20,-96,-66,2300,110,-18,-93,-66,2300,370,-17,-104,-66,
02/04/25 15:37:00,38.91501508333333,-95.31947136666666,311,480,386,2300,216150.32,55302,-91,-19,-50,6,2300,386,-19,-91,-50,2300,104,-17,-89,-64,2300,369,-13,-91,-64,
02/04/25 15:37:03,38.914389766666666,-95.3193538,311,480,386,2300,216150.32,55302,-92,-20,-49,5,2300,281,-15,-87,-52,2300,203,-17,-89,-64,2300,386,-20,-95,-51,2300,437,-19,-90,-63,
02/04/25 15:37:08,38.91380055,-95.3187176,311,480,386,2300,216150.32,55302,-92,-18,-53,0,2300,386,-18,-92,-53,2300,437,-15,-93,-65,2300,110,-15,-88,-65,2300,203,-17,-103,-65,2300,281,-19,-97,-52,2300,104,-16,-88,-64,2300,202,-20,-95,-65,
02/04/25 15:37:11,38.91423555,-95.31885431666667,311,480,386,2300,216150.32,55302,-93,-18,-54,7,2300,386,-18,-93,-54,2300,110,-18,-94,-66,2300,203,-15,-91,-66,
02/04/25 15:37:14,38.91464655,-95.31896326666667,311,480,386,2300,216150.32,55302,-93,-20,-51,7,2300,386,-20,-93,-51,2300,203,-16,-91,-64,2300,437,-16,-92,-64,2300,369,-17,-90,-64,
02/04/25 15:37:17,38.9150641,-95.31899631666667,311,480,386,2300,216150.32,55302,-92,-19,-53,8,2300,386,-19,-92,-53,2300,203,-16,-90,-66,2300,110,-15,-89,-66,2300,437,-17,-96,-66,2300,104,-17,-91,-66,
02/04/25 15:37:20,38.91546458333333,-95.3188353,311,480,386,2300,216150.32,55302,-89,-18,-50,8,2300,386,-18,-89,-50,2300,110,-18,-88,-62,2300,104,-16,-86,-63,2300,203,-16,-93,-62,
02/04/25 15:37:22,38.91575088333333,-95.31876255,311,480,386,2300,216150.32,55302,-93,-20,-52,8,2300,386,-20,-93,-52,2300,104,-18,-91,-65,2300,203,-19,-92,-64,2300,110,-20,-93,-64,2300,202,-17,-93,-64,2300,437,-20,-93,-64,
02/04/25 15:37:26,38.916330916666666,-95.31873798333334,311,480,386,2300,216150.32,55302,-88,-20,-48,8,2300,386,-20,-88,-48,2300,110,-16,-85,-61,2300,437,-20,-97,-61,2300,203,-17,-99,-61,2300,104,-17,-88,-61,
02/04/25 15:37:29,38.91673853333333,-95.31858896666667,311,480,203,2300,216253.32,55302,-94,-19,-55,0,2300,203,-19,-94,-55,2300,386,-20,-109,-54,2300,110,-20,-100,-67,2300,369,-18,-97,-67,2300,332,-16,-94,-67,2300,437,-17,-95,-67,
02/04/25 15:37:33,38.916762033333335,-95.31898766666667,311,480,203,2300,216253.32,55302,-100,-20,-50,5,2300,203,-18,-94,-50,2300,332,-20,-94,-63,2300,110,-20,-92,-63,2300,386,-15,-87,-64,
02/04/25 15:37:36,38.91622443333333,-95.3192939,311,480,386,2300,216150.32,55302,-88,-18,-49,8,2300,386,-18,-88,-49,2300,203,-19,-90,-63,2300,104,-20,-90,-62,
02/04/25 15:37:41,38.91519888333333,-95.31981738333333,311,480,386,2300,216150.32,55302,-94,-20,-52,7,2300,386,-20,-94,-52,2300,110,-14,-88,-66,2300,203,-20,-94,-65,
02/04/25 15:37:44,38.91464705,-95.32022893333334,311,480,386,2300,216150.32,55302,-92,-20,-51,5,2300,386,-20,-92,-51,2300,110,-20,-93,-63,2300,369,-14,-91,-63,
02/04/25 15:37:47,38.914145833333336,-95.32010926666666,311,480,203,2300,216253.32,55302,-90,-18,-52,0,2300,203,-18,-90,-52,2300,386,-20,-94,-52,2300,369,-20,-99,-64,2300,110,-20,-99,-64,
02/04/25 15:37:50,38.913883483333336,-95.31959768333333,311,480,203,2300,216253.32,55302,-89,-18,-50,7,2300,203,-18,-89,-50,2300,437,-16,-87,-63,2300,110,-17,-93,-63,2300,386,-18,-95,-63,
02/04/25 15:37:53,38.91398541666667,-95.3191746,311,480,203,2300,216253.32,55302,-94,-20,-53,7,2300,203,-20,-94,-53,2300,386,-20,-99,-65,2300,110,-17,-90,-65,2300,437,-18,-98,-66,
02/04/25 15:37:56,38.9143384,-95.31928001666667,311,480,203,2300,216253.32,55302,-92,-20,-51,7,2300,203,-20,-92,-51,2300,110,-15,-88,-64,2300,386,-20,-101,-63,2300,437,-18,-94,-64,
02/04/25 15:37:59,38.91473008333333,-95.31949611666667,311,480,203,2300,216253.32,55302,-98,-20,-55,6,2300,386,-18,-93,-53,2300,110,-17,-92,-66,2300,203,-20,-96,-65,2300,104,-17,-91,-66,
02/04/25 15:38:06,38.9156435,-95.319499,311,480,203,2300,216253.32,55302,-90,-17,-53,9,2300,203,-17,-90,-53,2300,110,-16,-93,-66,2300,386,-18,-94,-66,2300,302,-18,-97,-68,
02/04/25 15:38:09,38.915916333333335,-95.31899063333333,311,480,203,2300,216253.32,55302,-91,-18,-53,6,2300,203,-18,-91,-53,2300,386,-20,-97,-65,
02/04/25 15:38:12,38.91628315,-95.31867016666666,311,480,203,2300,216253.32,55302,-91,-19,-51,6,2300,203,-20,-91,-50,2300,386,-19,-91,-64,
02/04/25 15:38:17,38.91624525,-95.31926431666666,311,480,386,2300,216150.32,55302,-90,-15,-54,0,2300,386,-15,-90,-54,2300,203,-20,-97,-53,2300,437,-20,-99,-66,
02/04/25 15:38:20,38.91567025,-95.31934953333334,311,480,386,2300,216150.32,55302,-91,-18,-52,7,2300,386,-18,-91,-52,2300,203,-17,-90,-65,
02/04/25 15:38:23,38.91510193333333,-95.31947121666667,311,480,386,2300,216150.32,55302,-89,-16,-52,8,2300,386,-16,-89,-52,2300,110,-15,-89,-65,2300,203,-15,-88,-65,2300,104,-16,-89,-65,2300,437,-15,-92,-65,
02/04/25 15:38:26,38.91458203333333,-95.31968553333333,311,480,386,2300,216150.32,55302,-94,-19,-54,7,2300,386,-20,-96,-51,2300,110,-18,-91,-65,2300,369,-20,-93,-64,2300,203,-16,-88,-64,
02/04/25 15:38:29,38.91409745,-95.31981743333333,311,480,203,2300,216253.32,55302,-94,-19,-55,5,2300,203,-17,-91,-53,2300,386,-16,-98,-65,2300,110,-20,-94,-65,
02/04/25 15:38:34,38.914040183333334,-95.31910645,311,480,203,2300,216253.32,55302,-90,-18,-52,8,2300,203,-18,-90,-52,2300,386,-20,-95,-65,2300,110,-20,-95,-65,2300,369,-16,-89,-65,
02/04/25 15:38:37,38.914556966666666,-95.31954986666666,311,480,110,2300,216458.32,55302,-92,-20,-52,0,2300,110,-20,-92,-52,2300,203,-19,-92,-51,2300,369,-20,-94,-64,2300,437,-20,-94,-64,
02/04/25 15:38:41,38.91510615,-95.31984725,311,480,110,2300,216458.32,55302,-100,-20,-53,7,2300,110,-20,-100,-53,2300,281,-17,-91,-66,
02/04/25 15:38:44,38.91547371666667,-95.32015395,311,480,110,2300,216458.32,55302,-90,-18,-51,7,2300,110,-19,-94,-51,2300,281,-15,-86,-63,2300,203,-19,-93,-63,2300,369,-20,-94,-63,
02/04/25 15:38:47,38.91582781666666,-95.32044265,311,480,281,2300,216247.32,55302,-92,-17,-52,5,2300,281,-17,-92,-52,2300,203,-16,-88,-63,2300,386,-16,-89,-63,2300,332,-19,-90,-63,2300,110,-18,-96,-64,2300,104,-17,-89,-64,
02/04/25 15:38:50,38.91613461666667,-95.32069951666666,311,480,386,2300,216150.32,55302,-101,-20,-49,4,2300,386,-20,-101,-49,2300,110,-16,-92,-65,2300,203,-12,-85,-65,
02/04/25 15:38:53,38.91627268333333,-95.32026986666666,311,480,203,2300,216253.32,55302,-91,-20,-49,4,2300,203,-18,-88,-50,
02/04/25 15:38:56,38.91582591666667,-95.31983256666666,311,480,203,2300,216253.32,55302,-97,-20,-53,4,2300,203,-20,-97,-53,2300,110,-19,-95,-66,2300,239,-19,-93,-66,
02/04/25 15:38:59,38.91520895,-95.31978688333334,311,480,203,2300,216253.32,55302,-98,-20,-53,4,2300,104,-20,-96,-52,2300,386,-18,-92,-65,2300,110,-17,-90,-65,
02/04/25 15:39:04,38.91420275,-95.31986073333333,311,480,110,2300,216458.32,55302,-96,-20,-52,4,2300,110,-20,-96,-52,2300,386,-18,-90,-64,2300,369,-16,-94,-64,2300,104,-17,-89,-64,
02/04/25 15:39:07,38.91363546666667,-95.319796,311,480,386,2300,216150.32,55302,-96,-20,-51,6,2300,386,-20,-96,-51,2300,203,-17,-89,-64,2300,110,-18,-94,-64,
02/04/25 15:39:10,38.913220816666666,-95.31945346666667,311,480,386,2300,216150.32,55302,-100,-20,-57,6,2300,386,-20,-100,-57,2300,104,-20,-106,-69,
02/04/25 15:39:13,38.913179666666665,-95.31883185,311,480,386,2300,216150.32,55302,-94,-20,-53,4,2300,386,-20,-94,-53,2300,203,-19,-93,-66,2300,437,-18,-93,-66,2300,110,-18,-93,-66,2300,104,-18,-95,-66,
02/04/25 15:39:16,38.91333485,-95.31848536666666,311,480,386,2300,216150.32,55302,-92,-18,-53,8,2300,386,-18,-92,-53,2300,104,-17,-90,-65,2300,110,-18,-103,-65,2300,437,-20,-99,-65,
02/04/25 15:39:19,38.91382721666667,-95.31873328333333,311,480,110,2300,216458.32,55302,-94,-19,-52,7,2300,110,-19,-94,-52,2300,104,-20,-97,-64,2300,386,-19,-92,-64,2300,203,-18,-92,-64,
02/04/25 15:39:22,38.91414825,-95.3190656,311,480,203,2300,216253.32,55302,-95,-19,-53,7,2300,203,-19,-95,-53,2300,437,-18,-96,-66,2300,386,-17,-98,-67,2300,104,-17,-96,-67,
02/04/25 15:39:25,38.91409083333333,-95.31961291666667,311,480,203,2300,216253.32,55302,-94,-19,-52,8,2300,203,-19,-94,-52,2300,386,-19,-92,-65,
02/04/25 15:39:30,38.913711033333335,-95.31915348333334,311,480,203,2300,216253.32,55302,-93,-17,-56,6,2300,203,-17,-93,-56,2300,386,-15,-96,-68,
02/04/25 15:39:33,38.91392558333333,-95.3187049,311,480,203,2300,216253.32,55302,-93,-16,-57,7,2300,203,-16,-93,-57,2300,110,-15,-90,-66,2300,104,-18,-92,-66,2300,386,-15,-90,-66,
02/04/25 15:39:36,38.91424545,-95.31848595,311,480,203,2300,216253.32,55302,-96,-20,-56,5,2300,203,-20,-96,-56,2300,110,-16,-91,-68,2300,386,-10,-86,-67,2300,104,-20,-95,-67,
02/04/25 15:39:40,38.91477235,-95.31830305,311,480,386,2300,216150.32,55302,-94,-13,-61,10,2300,386,-13,-94,-61,2300,203,-11,-93,-74,2300,110,-14,-96,-74,2300,202,-20,-102,-74,
02/04/25 15:39:43,38.9151784,-95.31823173333333,311,480,386,2300,216150.32,55302,-98,-12,-65,12,2300,386,-20,-107,-65,2300,203,-14,-101,-78,2300,202,-16,-107,-78,
02/04/25 15:39:46,38.915511816666665,-95.31818731666667,311,480,203,2300,216253.32,55302,-112,-20,-72,6,2300,203,-20,-112,-72,2300,386,-10,-102,-84,2300,202,-19,-111,-84,
02/04/25 15:39:49,38.9157055,-95.31818505,311,480,203,2300,216253.32,55302,-105,-12,-72,11,2300,203,-12,-105,-72,2300,202,-17,-113,-86,2300,386,-12,-106,-86,