Date Time,latitude,longitude,MCC,MNC,PCI,EARFCN,CellID,LAC,RSRP,RSRQ,RSSI,SINR,NB1_EARFCN,NB1_PCI,NB1_RSRQ,NB1_RSRP,NB1_RSSI,NB2_EARFCN,NB2_PCI,NB2_RSRQ,NB2_RSRP,NB2_RSSI,NB3_EARFCN,NB3_PCI,NB3_RSRQ,NB3_RSRP,NB3_RSSI,NB4_EARFCN,NB4_PCI,NB4_RSRQ,NB4_RSRP,NB4_RSSI,NB5_EARFCN,NB5_PCI,NB5_RSRQ,NB5_RSRP,NB5_RSSI,NB6_EARFCN,NB6_PCI,NB6_RSRQ,NB6_RSRP,NB6_RSSI,NB7_EARFCN,NB7_PCI,NB7_RSRQ,NB7_RSRP,NB7_RSSI,NB8_EARFCN,NB8_PCI,NB8_RSRQ,NB8_RSRP,NB8_RSSI,NB9_EARFCN,NB9_PCI,NB9_RSRQ,NB9_RSRP,NB9_RSSI,NB10_EARFCN,NB10_PCI,NB10_RSRQ,NB10_RSRP,NB10_RSSI5230,78,-10,-91,-64,
01/10/25 16:21:39,39.00632725,-95.22174485,311,480,78,5230,216254.1,55302,-93,-11,-64,11,5230,78,-11,-93,-64,
01/10/25 16:21:42,39.00632723333333,-95.22174483333333,311,480,78,5230,216254.1,55302,-91,-9,-64,12,5230,78,-9,-91,-64,
01/10/25 16:21:45,39.0063272,-95.22174483333333,311,480,78,5230,216254.1,55302,-93,-9,-66,14,5230,78,-11,-92,-64,
01/10/25 16:21:50,39.006327133333336,-95.22174475,311,480,78,5230,216254.1,55302,-92,-10,-65,12,5230,78,-10,-92,-65,
01/10/25 16:21:53,39.00632708333333,-95.22174476666666,311,480,78,5230,216254.1,55302,-92,-10,-65,13,5230,78,-10,-92,-65,
01/10/25 16:21:56,39.00632705,-95.22174481666667,311,480,78,5230,216254.1,55302,-91,-11,-62,11,5230,78,-11,-91,-62,
01/10/25 16:21:59,39.006326933333334,-95.22174485,311,480,78,5230,216254.1,55302,-93,-11,-64,13,5230,78,-11,-93,-64,5230,79,-14,-97,-74,
01/10/25 16:22:02,39.0063269,-95.22174488333333,311,480,78,5230,216254.1,55302,-93,-11,-65,13,5230,78,-11,-92,-64,5230,79,-14,-95,-74,
01/10/25 16:22:07,39.00632686666667,-95.22174493333333,311,480,78,5230,216254.1,55302,-92,-9,-65,13,5230,78,-9,-92,-65,5230,79,-11,-95,-76,
01/10/25 16:22:10,39.00632686666667,-95.22174501666667,311,480,78,5230,216254.1,55302,-92,-11,-64,11,5230,78,-11,-92,-64,5230,79,-14,-94,-72,
01/10/25 16:22:14,39.0063268,-95.2217451,311,480,78,5230,216254.1,55302,-93,-10,-66,14,5230,78,-10,-93,-66,5230,79,-13,-95,-74,
01/10/25 16:22:17,39.006326783333336,-95.22174515,311,480,78,5230,216254.1,55302,-93,-11,-65,13,5230,78,-11,-93,-65,5230,79,-11,-96,-76,
01/10/25 16:22:20,39.006326683333334,-95.22174511666667,311,480,78,5230,216254.1,55302,-92,-10,-64,13,5230,78,-10,-92,-64,5230,79,-11,-93,-74,
01/10/25 16:22:23,39.00632663333333,-95.22174516666666,311,480,78,5230,216254.1,55302,-93,-10,-65,11,5230,78,-10,-93,-65,5230,79,-14,-97,-75,
01/10/25 16:22:26,39.00632661666667,-95.22174518333334,311,480,78,5230,216254.1,55302,-93,-9,-67,14,5230,78,-9,-93,-67,5230,79,-12,-95,-75,
01/10/25 16:22:29,39.00632655,-95.2217452,311,480,78,5230,216254.1,55302,-92,-10,-65,11,5230,78,-10,-92,-65,5230,79,-12,-96,-76,
01/10/25 16:22:32,39.00632651666667,-95.22174518333334,311,480,78,5230,216254.1,55302,-92,-12,-62,11,5230,78,-11,-93,-64,
01/10/25 16:22:38,39.00632645,-95.22174518333334,311,480,78,5230,216254.1,55302,-94,-10,-67,11,5230,78,-10,-94,-67,5230,79,-12,-98,-77,
01/10/25 16:22:41,39.00632645,-95.22174518333334,311,480,78,5230,216254.1,55302,-91,-12,-62,11,5230,78,-12,-91,-62,5230,79,-14,-94,-72,
01/10/25 16:22:44,39.00632638333333,-95.2217451,311,480,78,5230,216254.1,55302,-93,-12,-63,11,5230,78,-12,-93,-63,5230,79,-15,-97,-74,
01/10/25 16:22:47,39.006326333333334,-95.22174503333333,311,480,78,5230,216254.1,55302,-92,-11,-63,12,5230,78,-11,-92,-63,5230,79,-15,-96,-73,
01/10/25 16:22:50,39.00632628333334,-95.22174498333334,311,480,78,5230,216254.1,55302,-94,-11,-66,11,5230,78,-11,-94,-66,5230,79,-14,-96,-74,
01/10/25 16:22:53,39.006326183333336,-95.22174493333333,311,480,78,5230,216254.1,55302,-92,-11,-64,11,5230,78,-12,-93,-64,5230,79,-15,-98,-74,
01/10/25 16:22:56,39.00632611666666,-95.22174488333333,311,480,78,5230,216254.1,55302,-94,-12,-65,13,5230,78,-12,-94,-65,5230,79,-12,-97,-77,
01/10/25 16:22:59,39.00632601666667,-95.22174483333333,311,480,78,5230,216254.1,55302,-93,-12,-63,11,5230,78,-12,-94,-65,
01/10/25 16:23:04,39.006325933333336,-95.22174471666666,311,480,78,5230,216254.1,55302,-93,-11,-65,11,5230,78,-11,-93,-65,5230,79,-13,-97,-76,
01/10/25 16:23:07,39.00632595,-95.2217446,311,480,78,5230,216254.1,55302,-93,-10,-66,10,5230,78,-11,-93,-64,
01/10/25 16:23:10,39.00632591666667,-95.2217445,311,480,78,5230,216254.1,55302,-92,-12,-63,11,5230,78,-11,-92,-63,5230,79,-14,-97,-75,
01/10/25 16:23:14,39.006325933333336,-95.22174436666667,311,480,78,5230,216254.1,55302,-94,-10,-67,12,5230,78,-11,-94,-66,5230,79,-13,-97,-76,
01/10/25 16:23:17,39.006325933333336,-95.2217443,311,480,78,5230,216254.1,55302,-95,-11,-66,11,5230,78,-11,-95,-66,
01/10/25 16:25:55,39.00636545,-95.22181708333333,311,480,79,5230,216254.2,55302,-94,-16,-60,7,5230,79,-16,-94,-60,5230,78,-14,-98,-77,
01/10/25 16:26:09,39.00636466666667,-95.22181693333333,311,480,79,5230,216254.2,55302,-95,-13,-65,12,5230,79,-14,-93,-62,5230,78,-13,-90,-69,
01/10/25 16:26:12,39.00636466666667,-95.22181685,311,480,79,5230,216254.2,55302,-94,-15,-61,7,5230,79,-15,-94,-61,5230,78,-15,-92,-69,
01/10/25 16:26:15,39.006364633333334,-95.22181656666666,311,480,79,5230,216254.2,55302,-96,-14,-65,8,5230,79,-15,-96,-64,5230,78,-13,-94,-72,
01/10/25 16:26:19,39.00636468333333,-95.22181646666667,311,480,79,5230,216254.2,55302,-95,-12,-65,0,5230,79,-13,-96,-66,5230,78,-13,-94,-73,
01/10/25 16:26:24,39.006362483333334,-95.2217994,311,480,78,5230,216254.1,55302,-93,-12,-64,11,5230,78,-12,-93,-64,5230,79,-13,-93,-72,
01/10/25 16:26:27,39.00635925,-95.22179753333333,311,480,79,5230,216254.2,55302,-96,-13,-65,9,5230,79,-13,-99,-69,5230,78,-10,-93,-75,
01/10/25 16:26:31,39.006358133333336,-95.22178988333333,311,480,79,5230,216254.2,55302,-99,-14,-67,0,5230,79,-14,-99,-67,5230,78,-12,-96,-67,
01/10/25 16:26:34,39.0063583,-95.22178725,311,480,79,5230,216254.2,55302,-100,-14,-68,9,5230,79,-14,-100,-68,5230,78,-14,-101,-80,
01/10/25 16:26:37,39.00635818333333,-95.22178746666667,311,480,78,5230,216254.1,55302,-92,-10,-65,0,5230,78,-10,-92,-65,5230,79,-14,-95,-63,
01/10/25 16:26:40,39.006358166666665,-95.22178753333333,311,480,78,5230,216254.1,55302,-93,-11,-65,11,5230,78,-9,-91,-64,5230,79,-15,-98,-75,
01/10/25 16:26:43,39.0063581,-95.22178751666667,311,480,78,5230,216254.1,55302,-99,-11,-70,12,5230,78,-11,-99,-70,5230,79,-14,-102,-80,
01/10/25 16:26:46,39.006358033333335,-95.22178745,311,480,78,5230,216254.1,55302,-95,-11,-66,14,5230,78,-11,-95,-66,5230,79,-15,-98,-75,
01/10/25 16:26:49,39.006358,-95.22178746666667,311,480,78,5230,216254.1,55302,-98,-11,-69,13,5230,78,-11,-98,-69,5230,79,-14,-99,-77,
01/10/25 16:26:52,39.00635801666667,-95.22178755,311,480,78,5230,216254.1,55302,-94,-10,-67,11,5230,78,-10,-94,-67,5230,79,-13,-96,-75,
01/10/25 16:26:55,39.006358033333335,-95.22178758333334,311,480,78,5230,216254.1,55302,-91,-10,-64,14,5230,78,-10,-91,-64,5230,79,-14,-96,-74,
01/10/25 16:26:58,39.00635805,-95.2217876,311,480,78,5230,216254.1,55302,-96,-11,-68,11,5230,78,-11,-96,-68,5230,79,-12,-98,-77,
01/10/25 16:27:01,39.006358033333335,-95.22178761666666,311,480,78,5230,216254.1,55302,-95,-10,-68,12,5230,78,-10,-95,-68,5230,79,-15,-97,-74,
01/10/25 16:27:04,39.006358033333335,-95.22178765,311,480,78,5230,216254.1,55302,-91,-11,-63,12,5230,78,-11,-91,-63,5230,79,-15,-96,-73,
01/10/25 16:27:07,39.006358033333335,-95.22178766666667,311,480,78,5230,216254.1,55302,-91,-9,-65,12,5230,78,-9,-91,-65,5230,79,-12,-97,-77,
01/10/25 16:27:10,39.00635801666667,-95.22178768333333,311,480,78,5230,216254.1,55302,-99,-11,-71,12,5230,78,-11,-99,-71,5230,79,-14,-104,-82,
01/10/25 16:27:13,39.00635798333333,-95.22178768333333,311,480,78,5230,216254.1,55302,-94,-11,-65,14,5230,78,-11,-94,-65,5230,79,-11,-90,-71,
01/10/25 16:27:16,39.00635795,-95.22178768333333,311,480,78,5230,216254.1,55302,-95,-10,-67,10,5230,79,-14,-94,-62,5230,78,-11,-92,-64,
01/10/25 16:27:21,39.006357933333334,-95.22178771666667,311,480,78,5230,216254.1,55302,-91,-9,-64,0,5230,78,-9,-91,-64,5230,79,-12,-95,-65,
01/10/25 16:27:24,39.006357933333334,-95.22178773333333,311,480,78,5230,216254.1,55302,-90,-10,-62,14,5230,78,-10,-90,-62,5230,79,-13,-90,-69,
01/10/25 16:27:27,39.006357916666666,-95.22178776666667,311,480,79,5230,216254.2,55302,-94,-13,-65,0,5230,79,-13,-94,-65,5230,78,-10,-92,-64,
01/10/25 16:27:30,39.006357916666666,-95.22178781666666,311,480,78,5230,216254.1,55302,-88,-10,-61,0,5230,78,-13,-89,-58,5230,79,-15,-89,-66,
01/10/25 16:27:33,39.0063579,-95.2217878,311,480,78,5230,216254.1,55302,-89,-11,-60,12,5230,78,-12,-89,-60,5230,79,-16,-90,-66,
01/10/25 16:27:36,39.00635785,-95.2217878,311,480,78,5230,216254.1,55302,-92,-11,-64,12,5230,78,-11,-92,-64,5230,79,-12,-93,-72,
01/10/25 16:27:39,39.00635785,-95.22178781666666,311,480,78,5230,216254.1,55302,-91,-10,-64,11,5230,78,-10,-91,-63,5230,79,-14,-91,-69,
01/10/25 16:27:42,39.00635783333333,-95.22178781666666,311,480,78,5230,216254.1,55302,-91,-12,-62,11,5230,78,-12,-91,-62,
01/10/25 16:27:45,39.00635785,-95.22178783333334,311,480,78,5230,216254.1,55302,-94,-10,-67,13,5230,78,-9,-91,-65,5230,79,-14,-101,-78,
01/10/25 16:27:49,39.00635785,-95.22178778333334,311,480,78,5230,216254.1,55302,-93,-10,-66,12,5230,78,-10,-93,-66,5230,79,-11,-97,-78,
01/10/25 16:27:54,39.006357916666666,-95.22178773333333,311,480,78,5230,216254.1,55302,-95,-10,-68,10,5230,78,-10,-95,-68,5230,79,-12,-97,-76,
01/10/25 16:27:57,39.00635796666667,-95.22178765,311,480,78,5230,216254.1,55302,-94,-10,-67,12,5230,78,-10,-96,-68,5230,79,-13,-97,-76,
01/10/25 16:28:00,39.00635811666667,-95.22178776666667,311,480,78,5230,216254.1,55302,-93,-12,-64,11,5230,78,-12,-93,-64,5230,79,-14,-92,-70,
01/10/25 16:28:03,39.006358133333336,-95.2217878,311,480,78,5230,216254.1,55302,-93,-11,-65,10,5230,78,-11,-93,-65,5230,79,-12,-96,-75,
01/10/25 16:28:06,39.006358166666665,-95.22178778333334,311,480,78,5230,216254.1,55302,-94,-11,-65,11,5230,78,-11,-95,-66,5230,79,-15,-101,-78,
01/10/25 16:28:09,39.00635815,-95.22178775,311,480,78,5230,216254.1,55302,-96,-11,-68,13,5230,78,-11,-96,-68,5230,79,-11,-97,-78,
01/10/25 16:28:12,39.00635815,-95.22178771666667,311,480,78,5230,216254.1,55302,-90,-10,-62,14,5230,78,-11,-91,-62,5230,79,-13,-90,-69,
01/10/25 16:28:17,39.00635808333333,-95.2217877,311,480,78,5230,216254.1,55302,-89,-10,-61,13,5230,78,-10,-89,-61,5230,79,-12,-90,-70,
01/10/25 16:28:20,39.00635801666667,-95.22178768333333,311,480,78,5230,216254.1,55302,-89,-11,-61,13,5230,78,-11,-89,-61,5230,79,-13,-90,-68,
01/10/25 16:28:23,39.00635795,-95.22178761666666,311,480,78,5230,216254.1,55302,-88,-11,-60,13,5230,78,-11,-88,-60,5230,79,-14,-89,-67,
01/10/25 16:28:26,39.0063579,-95.2217875,311,480,79,5230,216254.2,55302,-92,-14,-61,0,5230,79,-14,-92,-61,5230,78,-11,-89,-60,
01/10/25 16:28:30,39.006357816666664,-95.22178738333334,311,480,78,5230,216254.1,55302,-90,-10,-62,0,5230,78,-10,-90,-62,5230,79,-12,-93,-63,
01/10/25 16:28:33,39.0063577,-95.22178718333333,311,480,78,5230,216254.1,55302,-93,-10,-65,11,5230,78,-10,-93,-65,5230,79,-13,-96,-75,
01/10/25 16:28:36,39.006357666666666,-95.22178711666666,311,480,78,5230,216254.1,55302,-92,-9,-66,14,5230,78,-9,-92,-66,5230,79,-11,-94,-75,
01/10/25 16:28:39,39.0063576,-95.22178705,311,480,78,5230,216254.1,55302,-95,-10,-67,10,5230,78,-10,-95,-67,5230,79,-13,-97,-76,
01/10/25 16:28:42,39.006357566666665,-95.22178698333333,311,480,78,5230,216254.1,55302,-92,-10,-64,16,5230,78,-9,-94,-68,5230,79,-12,-99,-78,
01/10/25 16:28:47,39.006289683333335,-95.22166586666667,311,480,78,5230,216254.1,55302,-91,-9,-64,10,5230,78,-9,-98,-71,5230,79,-11,-97,-79,
01/10/25 16:28:50,39.006274266666665,-95.22165148333333,311,480,78,5230,216254.1,55302,-92,-10,-65,11,5230,78,-10,-92,-65,5230,79,-12,-93,-73,
01/10/25 16:28:54,39.00625785,-95.22164376666667,311,480,78,5230,216254.1,55302,-91,-11,-62,11,5230,78,-11,-91,-62,5230,79,-14,-92,-70,
01/10/25 16:28:57,39.00627121666667,-95.22168155,311,480,78,5230,216254.1,55302,-90,-10,-62,11,5230,78,-10,-90,-62,5230,79,-13,-92,-71,
01/10/25 16:29:00,39.006314016666664,-95.22172043333333,311,480,78,5230,216254.1,55302,-91,-10,-64,11,5230,78,-10,-91,-64,5230,79,-13,-93,-72,
01/10/25 16:29:03,39.0063063,-95.22171946666667,311,480,78,5230,216254.1,55302,-92,-11,-64,14,5230,78,-10,-92,-64,5230,79,-12,-93,-73,
01/10/25 16:29:06,39.006297116666666,-95.22171976666667,311,480,78,5230,216254.1,55302,-92,-11,-64,14,5230,78,-11,-92,-64,5230,79,-16,-94,-70,
01/10/25 16:29:09,39.00629661666667,-95.22171825,311,480,78,5230,216254.1,55302,-92,-10,-65,14,5230,78,-10,-92,-65,5230,79,-15,-94,-71,
01/10/25 16:29:12,39.00629798333333,-95.22171923333333,311,480,78,5230,216254.1,55302,-91,-11,-63,14,5230,78,-11,-91,-63,
01/10/25 16:29:18,39.006298566666665,-95.22171965,311,480,78,5230,216254.1,55302,-93,-10,-66,12,5230,78,-10,-93,-66,
01/10/25 16:29:21,39.00629845,-95.22171996666667,311,480,78,5230,216254.1,55302,-92,-10,-65,13,5230,78,-10,-92,-65,
01/10/25 16:29:24,39.006298316666665,-95.22172021666667,311,480,78,5230,216254.1,55302,-92,-12,-63,11,5230,78,-12,-92,-63,
01/10/25 16:29:27,39.00629848333333,-95.22172088333333,311,480,78,5230,216254.1,55302,-95,-11,-67,11,5230,78,-11,-95,-67,
01/10/25 16:29:30,39.0062988,-95.22172158333333,311,480,78,5230,216254.1,55302,-96,-10,-68,10,5230,78,-10,-96,-68,5230,79,-14,-99,-78,
01/10/25 16:29:33,39.00629886666667,-95.22172185,311,480,78,5230,216254.1,55302,-94,-10,-67,12,5230,78,-9,-93,-66,5230,79,-14,-102,-80,
01/10/25 16:29:36,39.00629935,-95.22172228333334,311,480,78,5230,216254.1,55302,-92,-10,-65,12,5230,78,-10,-92,-65,5230,79,-13,-101,-79,
01/10/25 16:29:39,39.00629995,-95.22172266666666,311,480,78,5230,216254.1,55302,-94,-9,-67,14,5230,78,-10,-93,-65,5230,79,-12,-93,-73,
01/10/25 16:29:43,39.00630035,-95.22172273333334,311,480,78,5230,216254.1,55302,-95,-11,-67,12,5230,78,-11,-95,-67,5230,79,-12,-100,-81,
01/10/25 16:29:46,39.00630055,-95.2217229,311,480,78,5230,216254.1,55302,-94,-10,-67,13,5230,78,-10,-94,-67,5230,79,-10,-99,-80,
01/10/25 16:29:49,39.00630076666667,-95.22172283333333,311,480,78,5230,216254.1,55302,-94,-10,-66,11,5230,78,-10,-94,-67,5230,79,-10,-98,-79,
01/10/25 16:29:53,39.006300833333334,-95.22172298333334,311,480,78,5230,216254.1,55302,-93,-10,-66,14,5230,78,-10,-93,-66,5230,79,-10,-93,-75,
01/10/25 16:29:56,39.00630091666667,-95.2217234,311,480,78,5230,216254.1,55302,-96,-9,-69,13,5230,78,-9,-96,-69,5230,79,-10,-99,-81,
01/10/25 16:29:59,39.00630086666666,-95.22172351666667,311,480,78,5230,216254.1,55302,-95,-10,-68,13,5230,78,-10,-95,-68,5230,79,-10,-95,-77,
01/10/25 16:30:02,39.00630085,-95.2217236,311,480,78,5230,216254.1,55302,-94,-11,-66,12,5230,78,-11,-94,-66,5230,79,-11,-95,-75,
01/10/25 16:30:05,39.0063009,-95.22172353333333,311,480,78,5230,216254.1,55302,-95,-11,-66,13,5230,78,-9,-95,-69,5230,79,-11,-99,-80,
01/10/25 16:30:08,39.00630086666666,-95.22172351666667,311,480,78,5230,216254.1,55302,-94,-10,-67,11,5230,78,-10,-94,-67,5230,79,-13,-98,-77,
01/10/25 16:30:12,39.0063008,-95.22172395,311,480,78,5230,216254.1,55302,-93,-9,-67,12,5230,78,-9,-93,-67,5230,79,-11,-100,-81,
01/10/25 16:30:16,39.00630135,-95.2217241,311,480,78,5230,216254.1,55302,-93,-9,-67,13,5230,78,-9,-93,-67,5230,79,-10,-96,-78,
01/10/25 16:30:19,39.0063014,-95.22172368333334,311,480,78,5230,216254.1,55302,-92,-10,-65,11,5230,78,-10,-92,-65,5230,79,-13,-97,-76,
01/10/25 16:30:22,39.006301283333336,-95.22172343333334,311,480,78,5230,216254.1,55302,-93,-9,-66,13,5230,78,-9,-93,-66,5230,79,-10,-96,-78,
01/10/25 16:30:25,39.00630103333334,-95.22172326666667,311,480,78,5230,216254.1,55302,-92,-11,-64,13,5230,78,-11,-92,-64,5230,79,-12,-94,-74,
01/10/25 16:30:28,39.006300966666664,-95.22172335,311,480,78,5230,216254.1,55302,-92,-10,-65,14,5230,78,-10,-92,-65,5230,79,-10,-93,-75,
01/10/25 16:30:31,39.006300966666664,-95.22172321666666,311,480,78,5230,216254.1,55302,-92,-10,-65,11,5230,78,-10,-92,-65,5230,79,-13,-100,-78,
01/10/25 16:30:34,39.00630105,-95.2217234,311,480,78,5230,216254.1,55302,-93,-10,-66,12,5230,78,-10,-93,-66,5230,79,-13,-99,-77,
01/10/25 16:30:37,39.00630111666667,-95.22172353333333,311,480,78,5230,216254.1,55302,-94,-10,-67,11,5230,78,-10,-94,-67,5230,79,-12,-99,-78,
01/10/25 16:30:41,39.006301416666666,-95.22172363333334,311,480,78,5230,216254.1,55302,-93,-11,-65,11,5230,78,-11,-93,-65,5230,79,-14,-94,-72,
01/10/25 16:30:44,39.0063016,-95.22172381666667,311,480,78,5230,216254.1,55302,-93,-11,-65,10,5230,78,-11,-93,-65,5230,79,-14,-94,-72,
01/10/25 16:30:47,39.00630165,-95.22172363333334,311,480,78,5230,216254.1,55302,-92,-11,-64,10,5230,78,-11,-92,-64,5230,79,-14,-95,-73,
01/10/25 16:30:50,39.0063017,-95.22172365,311,480,78,5230,216254.1,55302,-95,-10,-67,11,5230,78,-10,-95,-67,5230,79,-14,-101,-79,
01/10/25 16:30:53,39.006301666666666,-95.22172363333334,311,480,78,5230,216254.1,55302,-94,-10,-67,11,5230,78,-10,-94,-67,5230,79,-13,-97,-76,
01/10/25 16:30:56,39.00630186666667,-95.22172373333333,311,480,78,5230,216254.1,55302,-93,-9,-66,14,5230,78,-9,-93,-66,5230,79,-11,-96,-77,
01/10/25 16:30:59,39.00630193333333,-95.22172393333334,311,480,78,5230,216254.1,55302,-94,-11,-66,13,5230,78,-11,-94,-66,5230,79,-13,-96,-75,
01/10/25 16:31:02,39.00630195,-95.22172408333333,311,480,78,5230,216254.1,55302,-93,-10,-66,11,5230,78,-10,-93,-66,5230,79,-11,-95,-76,
01/10/25 16:31:05,39.006301916666665,-95.2217239,311,480,78,5230,216254.1,55302,-94,-12,-64,11,5230,78,-9,-92,-66,5230,79,-12,-94,-74,
01/10/25 16:31:09,39.00630193333333,-95.22172341666666,311,480,78,5230,216254.1,55302,-94,-10,-67,12,5230,78,-10,-92,-65,5230,79,-13,-94,-73,
01/10/25 16:31:12,39.00630196666667,-95.22172338333333,311,480,78,5230,216254.1,55302,-93,-10,-65,12,5230,78,-10,-93,-65,5230,79,-13,-101,-80,
01/10/25 16:31:16,39.0063021,-95.22172325,311,480,78,5230,216254.1,55302,-93,-9,-66,12,5230,78,-9,-93,-66,5230,79,-12,-101,-80,
01/10/25 16:31:19,39.00630193333333,-95.2217233,311,480,78,5230,216254.1,55302,-93,-12,-64,11,5230,78,-12,-93,-64,5230,79,-15,-100,-78,
01/10/25 16:31:22,39.00630173333333,-95.22172311666667,311,480,78,5230,216254.1,55302,-93,-10,-66,14,5230,78,-10,-93,-66,5230,79,-14,-99,-77,
01/10/25 16:31:25,39.006301816666664,-95.22172313333333,311,480,78,5230,216254.1,55302,-93,-9,-66,14,5230,78,-9,-93,-66,5230,79,-11,-98,-79,
01/10/25 16:31:28,39.00630198333333,-95.22172306666667,311,480,78,5230,216254.1,55302,-93,-9,-67,15,5230,78,-9,-93,-67,5230,79,-13,-101,-79,
01/10/25 16:31:31,39.006301816666664,-95.22172276666667,311,480,78,5230,216254.1,55302,-94,-12,-65,11,5230,78,-12,-94,-65,5230,79,-14,-103,-81,
01/10/25 16:31:34,39.006301683333334,-95.22172265,311,480,78,5230,216254.1,55302,-93,-10,-66,11,5230,78,-11,-93,-64,5230,79,-15,-101,-78,
01/10/25 16:31:40,39.00630135,-95.22172258333333,311,480,78,5230,216254.1,55302,-93,-9,-66,11,5230,78,-9,-93,-66,5230,79,-13,-99,-77,
01/10/25 16:31:43,39.00630135,-95.22172263333333,311,480,78,5230,216254.1,55302,-93,-12,-64,11,5230,78,-12,-93,-64,5230,79,-14,-98,-75,
01/10/25 16:31:46,39.00630125,-95.22172271666666,311,480,78,5230,216254.1,55302,-93,-9,-66,12,5230,78,-9,-93,-66,5230,79,-14,-98,-76,
01/10/25 16:31:49,39.00630133333333,-95.22172283333333,311,480,78,5230,216254.1,55302,-93,-9,-67,14,5230,78,-9,-93,-67,5230,79,-12,-98,-79,
01/10/25 16:31:52,39.006301216666664,-95.22172265,311,480,78,5230,216254.1,55302,-93,-10,-66,11,5230,78,-10,-93,-66,5230,79,-13,-98,-77,
01/10/25 16:31:55,39.006301083333334,-95.22172275,311,480,78,5230,216254.1,55302,-93,-9,-66,14,5230,78,-9,-93,-66,5230,79,-12,-99,-79,
01/10/25 16:31:58,39.006301066666666,-95.22172286666667,311,480,78,5230,216254.1,55302,-94,-11,-65,11,5230,78,-11,-94,-65,5230,79,-14,-99,-77,
01/10/25 16:32:01,39.006301,-95.22172288333333,311,480,78,5230,216254.1,55302,-94,-9,-68,14,5230,78,-10,-95,-68,5230,79,-12,-100,-80,
01/10/25 16:32:05,39.006300483333334,-95.22172263333333,311,480,78,5230,216254.1,55302,-94,-10,-67,12,5230,78,-10,-94,-67,5230,79,-13,-101,-80,
01/10/25 16:32:08,39.00630045,-95.22172266666666,311,480,78,5230,216254.1,55302,-95,-10,-67,11,5230,78,-10,-95,-67,5230,79,-14,-100,-78,
01/10/25 16:32:11,39.00630035,-95.22172283333333,311,480,78,5230,216254.1,55302,-94,-10,-67,11,5230,78,-9,-94,-67,5230,79,-12,-100,-80,
01/10/25 16:32:15,39.006300333333336,-95.22172258333333,311,480,78,5230,216254.1,55302,-94,-10,-67,11,5230,78,-10,-94,-67,5230,79,-13,-99,-78,
01/10/25 16:32:18,39.00630031666667,-95.22172241666667,311,480,78,5230,216254.1,55302,-94,-9,-67,13,5230,78,-9,-94,-67,5230,79,-12,-99,-79,
01/10/25 16:32:21,39.00630006666667,-95.2217223,311,480,78,5230,216254.1,55302,-94,-10,-67,12,5230,78,-10,-94,-67,5230,79,-13,-99,-77,
01/10/25 16:32:24,39.00630005,-95.2217222,311,480,78,5230,216254.1,55302,-93,-9,-67,14,5230,78,-9,-93,-67,5230,79,-11,-98,-79,
01/10/25 16:32:27,39.0063,-95.22172191666667,311,480,78,5230,216254.1,55302,-94,-9,-67,14,5230,78,-9,-94,-67,5230,79,-12,-100,-80,
01/10/25 16:32:30,39.006299883333334,-95.22172143333333,311,480,78,5230,216254.1,55302,-94,-11,-66,14,5230,78,-11,-94,-66,5230,79,-13,-97,-76,
01/10/25 16:32:34,39.006299983333335,-95.22172123333333,311,480,78,5230,216254.1,55302,-94,-9,-68,14,5230,78,-9,-94,-68,5230,79,-11,-97,-78,
01/10/25 16:32:38,39.0063,-95.22172101666666,311,480,78,5230,216254.1,55302,-94,-10,-67,13,5230,78,-10,-94,-67,5230,79,-11,-96,-77,
01/10/25 16:32:41,39.006299766666665,-95.2217209,311,480,78,5230,216254.1,55302,-94,-9,-68,13,5230,78,-9,-94,-68,5230,79,-11,-96,-78,
01/10/25 16:32:44,39.00629945,-95.22172065,311,480,78,5230,216254.1,55302,-93,-9,-67,13,5230,78,-9,-93,-67,5230,79,-10,-96,-78,
01/10/25 16:32:47,39.00629945,-95.22172061666667,311,480,78,5230,216254.1,55302,-93,-11,-65,14,5230,78,-11,-93,-65,5230,79,-11,-96,-77,
01/10/25 16:32:50,39.00629985,-95.22172105,311,480,78,5230,216254.1,55302,-94,-9,-67,14,5230,78,-9,-94,-67,5230,79,-10,-97,-79,
01/10/25 16:32:53,39.0062999,-95.2217215,311,480,78,5230,216254.1,55302,-94,-9,-68,13,5230,78,-9,-94,-68,5230,79,-10,-98,-80,
01/10/25 16:32:56,39.0062996,-95.22172155,311,480,78,5230,216254.1,55302,-94,-12,-65,14,5230,78,-12,-94,-65,5230,79,-12,-98,-78,
01/10/25 16:32:59,39.006299766666665,-95.22172173333334,311,480,78,5230,216254.1,55302,-95,-9,-68,11,5230,78,-9,-95,-68,5230,79,-12,-99,-79,
01/10/25 16:33:03,39.00629961666667,-95.22172208333333,311,480,78,5230,216254.1,55302,-95,-9,-69,14,5230,78,-10,-95,-68,5230,79,-13,-99,-78,
01/10/25 16:33:06,39.00629953333333,-95.22172231666667,311,480,78,5230,216254.1,55302,-95,-8,-69,14,5230,78,-8,-95,-69,5230,79,-11,-97,-78,
01/10/25 16:33:09,39.006299516666665,-95.22172236666667,311,480,78,5230,216254.1,55302,-95,-12,-66,11,5230,78,-12,-95,-66,5230,79,-14,-96,-74,
01/10/25 16:33:12,39.00629958333333,-95.22172231666667,311,480,78,5230,216254.1,55302,-94,-11,-66,10,5230,78,-11,-94,-66,5230,79,-12,-96,-76,
01/10/25 16:33:15,39.00629965,-95.22172245,311,480,78,5230,216254.1,55302,-93,-10,-66,12,5230,78,-10,-93,-66,5230,79,-11,-97,-78,
01/10/25 16:33:18,39.00629958333333,-95.22172278333333,311,480,78,5230,216254.1,55302,-94,-9,-67,14,5230,78,-9,-94,-67,5230,79,-10,-95,-77,
01/10/25 16:33:21,39.006299483333336,-95.22172288333333,311,480,78,5230,216254.1,55302,-93,-11,-65,13,5230,78,-11,-93,-65,5230,79,-11,-95,-76,
01/10/25 16:33:24,39.00629936666667,-95.22172313333333,311,480,78,5230,216254.1,55302,-92,-9,-65,12,5230,78,-9,-92,-65,5230,79,-12,-99,-79,
01/10/25 16:33:27,39.00629943333333,-95.22172321666666,311,480,78,5230,216254.1,55302,-92,-10,-65,10,5230,78,-9,-90,-64,5230,79,-10,-96,-77,
01/10/25 16:33:31,39.00629956666667,-95.22172328333333,311,480,78,5230,216254.1,55302,-92,-10,-65,13,5230,78,-10,-92,-65,5230,79,-11,-96,-76,
01/10/25 16:33:34,39.0062996,-95.22172323333334,311,480,78,5230,216254.1,55302,-93,-10,-66,11,5230,78,-10,-93,-66,5230,79,-12,-99,-78,
01/10/25 16:33:38,39.00629961666667,-95.22172331666667,311,480,78,5230,216254.1,55302,-92,-11,-64,11,5230,78,-11,-92,-64,5230,79,-15,-99,-75,
01/10/25 16:33:41,39.00629961666667,-95.22172333333333,311,480,78,5230,216254.1,55302,-92,-11,-63,12,5230,78,-11,-92,-63,5230,79,-14,-97,-74,
01/10/25 16:33:44,39.0062998,-95.22172335,311,480,78,5230,216254.1,55302,-93,-10,-65,11,5230,78,-10,-93,-65,5230,79,-14,-98,-76,
01/10/25 16:33:47,39.00629991666667,-95.22172335,311,480,78,5230,216254.1,55302,-93,-10,-65,12,5230,78,-10,-93,-65,5230,79,-12,-98,-78,
01/10/25 16:33:50,39.006299983333335,-95.22172336666667,311,480,78,5230,216254.1,55302,-92,-11,-64,11,5230,78,-11,-92,-64,5230,79,-15,-99,-75,
01/10/25 16:33:53,39.0063,-95.22172338333333,311,480,78,5230,216254.1,55302,-93,-11,-65,13,5230,78,-11,-93,-65,5230,79,-12,-99,-79,
01/10/25 16:33:56,39.00630006666667,-95.22172341666666,311,480,78,5230,216254.1,55302,-92,-11,-63,12,5230,78,-11,-92,-64,5230,79,-16,-100,-76,
01/10/25 16:34:02,39.00630018333333,-95.22172353333333,311,480,78,5230,216254.1,55302,-92,-9,-66,11,5230,78,-9,-92,-66,5230,79,-13,-100,-79,
01/10/25 16:34:05,39.00630025,-95.22172361666667,311,480,78,5230,216254.1,55302,-92,-10,-64,11,5230,78,-10,-92,-65,5230,79,-14,-100,-78,
01/10/25 16:34:08,39.00630035,-95.22172375,311,480,78,5230,216254.1,55302,-92,-10,-65,11,5230,78,-10,-92,-65,
01/10/25 16:34:12,39.00630045,-95.22172391666666,311,480,78,5230,216254.1,55302,-92,-11,-64,12,5230,78,-11,-92,-64,5230,79,-15,-99,-76,
01/10/25 16:34:15,39.006300466666666,-95.22172393333334,311,480,78,5230,216254.1,55302,-92,-10,-64,12,5230,78,-10,-92,-64,5230,79,-15,-99,-76,
01/10/25 16:34:18,39.0063005,-95.22172395,311,480,78,5230,216254.1,55302,-94,-11,-66,13,5230,78,-11,-94,-66,5230,79,-13,-101,-80,
01/10/25 16:34:21,39.006300483333334,-95.22172398333333,311,480,78,5230,216254.1,55302,-94,-10,-67,12,5230,78,-10,-94,-67,5230,79,-13,-101,-80,
01/10/25 16:34:25,39.006300483333334,-95.22172391666666,311,480,78,5230,216254.1,55302,-94,-9,-67,14,5230,78,-9,-94,-67,5230,79,-12,-100,-80,
01/10/25 16:34:28,39.00630043333334,-95.22172393333334,311,480,78,5230,216254.1,55302,-94,-11,-65,11,5230,78,-11,-94,-65,5230,79,-13,-100,-79,
01/10/25 16:34:31,39.0063004,-95.2217239,311,480,78,5230,216254.1,55302,-95,-10,-68,13,5230,78,-10,-95,-68,5230,79,-11,-100,-81,
01/10/25 16:34:34,39.00630043333334,-95.2217239,311,480,78,5230,216254.1,55302,-94,-12,-65,11,5230,78,-12,-94,-65,5230,79,-13,-98,-77,
01/10/25 16:34:37,39.006300466666666,-95.22172413333334,311,480,78,5230,216254.1,55302,-94,-9,-67,13,5230,78,-9,-94,-67,5230,79,-11,-100,-81,
01/10/25 16:34:40,39.0063005,-95.2217242,311,480,78,5230,216254.1,55302,-94,-9,-67,13,5230,78,-9,-94,-67,5230,79,-10,-99,-80,
01/10/25 16:34:43,39.00630051666667,-95.22172425,311,480,78,5230,216254.1,55302,-94,-10,-67,11,5230,78,-10,-94,-67,
01/10/25 16:34:46,39.0063006,-95.22172436666666,311,480,78,5230,216254.1,55302,-95,-10,-68,13,5230,78,-10,-95,-68,
01/10/25 16:34:49,39.006300716666665,-95.22172443333334,311,480,78,5230,216254.1,55302,-95,-11,-66,13,5230,78,-11,-95,-66,
01/10/25 16:34:52,39.006300683333336,-95.22172458333333,311,480,78,5230,216254.1,55302,-93,-10,-66,11,5230,78,-10,-93,-66,
01/10/25 16:34:56,39.00630066666667,-95.22172461666666,311,480,78,5230,216254.1,55302,-96,-11,-68,10,5230,78,-11,-96,-68,5230,79,-14,-98,-76,
01/10/25 16:35:00,39.00630078333333,-95.2217247,311,480,78,5230,216254.1,55302,-96,-11,-67,10,5230,78,-11,-96,-67,5230,79,-13,-97,-76,
01/10/25 16:35:03,39.00630066666667,-95.22172465,311,480,78,5230,216254.1,55302,-95,-11,-67,11,5230,78,-11,-95,-67,5230,79,-12,-98,-78,
01/10/25 16:35:06,39.0063006,-95.2217248,311,480,78,5230,216254.1,55302,-97,-12,-68,10,5230,78,-12,-97,-68,5230,79,-11,-99,-79,
01/10/25 16:35:09,39.006300583333335,-95.22172486666666,311,480,78,5230,216254.1,55302,-97,-11,-69,11,5230,78,-11,-97,-69,5230,79,-11,-100,-81,
01/10/25 16:35:13,39.00630035,-95.22172476666667,311,480,78,5230,216254.1,55302,-96,-10,-69,10,5230,78,-10,-96,-69,5230,79,-14,-97,-75,
01/10/25 16:35:16,39.0063006,-95.22172485,311,480,78,5230,216254.1,55302,-98,-10,-70,12,5230,78,-10,-94,-67,5230,79,-11,-100,-81,
01/10/25 16:35:19,39.006300616666664,-95.22172495,311,480,78,5230,216254.1,55302,-96,-11,-68,11,5230,78,-10,-97,-70,5230,79,-11,-98,-79,
01/10/25 16:35:25,39.00630043333334,-95.22172491666667,311,480,78,5230,216254.1,55302,-97,-11,-69,13,5230,78,-11,-97,-69,5230,79,-11,-98,-79,
01/10/25 16:35:28,39.00630031666667,-95.22172486666666,311,480,78,5230,216254.1,55302,-97,-12,-68,14,5230,78,-12,-97,-68,5230,79,-13,-97,-76,
01/10/25 16:35:31,39.00630025,-95.22172448333333,311,480,78,5230,216254.1,55302,-97,-9,-70,13,5230,78,-9,-97,-70,5230,79,-10,-98,-80,
01/10/25 16:35:34,39.00630031666667,-95.2217249,311,480,78,5230,216254.1,55302,-96,-10,-69,11,5230,78,-10,-96,-69,5230,79,-11,-97,-78,
01/10/25 16:35:37,39.006300233333334,-95.2217249,311,480,78,5230,216254.1,55302,-97,-12,-67,13,5230,78,-12,-97,-67,5230,79,-12,-99,-79,
01/10/25 16:35:40,39.00630043333334,-95.22172473333333,311,480,78,5230,216254.1,55302,-96,-9,-70,13,5230,78,-9,-96,-70,5230,79,-10,-98,-79,
01/10/25 16:35:43,39.00630056666667,-95.22172458333333,311,480,78,5230,216254.1,55302,-97,-10,-69,14,5230,78,-12,-97,-67,5230,79,-14,-99,-77,
01/16/25 12:20:10,38.91565745,-95.31780713333333,311,480,203,2300,216253.32,55302,-104,-13,-70,6,2300,203,-13,-104,-70,2300,386,-12,-104,-84,
01/16/25 12:20:15,38.91565678333333,-95.31780763333333,311,480,203,2300,216253.32,55302,-106,-14,-72,9,2300,203,-13,-105,-71,2300,386,-12,-104,-84,2300,202,-20,-114,-85,
01/16/25 12:20:18,38.91565681666667,-95.31780761666667,311,480,203,2300,216253.32,55302,-104,-13,-70,9,2300,203,-13,-104,-70,2300,386,-12,-101,-80,2300,202,-20,-112,-80,
01/16/25 12:20:21,38.9156568,-95.31780753333334,311,480,386,2300,216150.32,55302,-104,-13,-70,10,2300,386,-11,-103,-72,2300,203,-13,-105,-83,
01/16/25 12:20:26,38.91565681666667,-95.31780756666667,311,480,386,2300,216150.32,55302,-103,-12,-71,11,2300,386,-12,-103,-71,2300,203,-12,-105,-84,
01/16/25 12:20:29,38.91565683333334,-95.31780756666667,311,480,386,2300,216150.32,55302,-104,-13,-71,10,2300,386,-13,-104,-71,2300,203,-12,-105,-84,
01/16/25 12:20:33,38.91565683333334,-95.31780756666667,311,480,386,2300,216150.32,55302,-105,-13,-72,7,2300,203,-12,-104,-72,2300,386,-13,-105,-72,2300,202,-19,-110,-82,
01/16/25 12:20:36,38.91565683333334,-95.3178075,311,480,203,2300,216253.32,55302,-103,-12,-70,10,2300,203,-12,-103,-70,2300,386,-10,-101,-82,
01/16/25 12:20:39,38.915656866666666,-95.31780748333334,311,480,203,2300,216253.32,55302,-104,-12,-72,9,2300,203,-12,-104,-72,2300,386,-10,-103,-85,
01/16/25 12:20:42,38.9156569,-95.31780741666667,311,480,203,2300,216253.32,55302,-104,-16,-67,9,2300,203,-16,-104,-67,2300,386,-10,-103,-85,
01/16/25 12:20:45,38.915656866666666,-95.31780731666667,311,480,203,2300,216253.32,55302,-103,-13,-70,8,2300,203,-13,-103,-70,2300,386,-11,-103,-84,
01/16/25 12:20:48,38.91565683333334,-95.31780723333334,311,480,203,2300,216253.32,55302,-104,-13,-70,8,2300,203,-13,-104,-70,2300,386,-9,-101,-83,
01/16/25 12:20:51,38.91565678333333,-95.31780718333333,311,480,203,2300,216253.32,55302,-103,-13,-70,9,2300,203,-13,-103,-70,2300,386,-15,-103,-80,2300,202,-18,-106,-80,
01/16/25 12:20:56,38.915656733333336,-95.31780703333334,311,480,203,2300,216253.32,55302,-104,-14,-69,6,2300,203,-14,-104,-69,2300,386,-10,-100,-81,2300,202,-20,-112,-81,
01/16/25 12:20:59,38.91565671666667,-95.31780698333333,311,480,203,2300,216253.32,55302,-102,-11,-70,11,2300,203,-11,-102,-70,2300,386,-13,-102,-81,2300,202,-18,-106,-80,
01/16/25 12:21:03,38.915656733333336,-95.31780686666667,311,480,203,2300,216253.32,55302,-102,-13,-68,7,2300,203,-13,-105,-72,2300,386,-9,-102,-84,2300,202,-20,-111,-83,
01/16/25 12:21:08,38.9156567,-95.3178068,311,480,203,2300,216253.32,55302,-102,-11,-70,8,2300,203,-11,-102,-70,2300,386,-12,-103,-82,2300,202,-18,-108,-82,
01/16/25 12:21:11,38.91565671666667,-95.31780673333333,311,480,203,2300,216253.32,55302,-102,-14,-68,6,2300,203,-14,-102,-68,2300,386,-12,-102,-83,2300,202,-19,-110,-83,
01/16/25 12:21:14,38.91565668333333,-95.31780673333333,311,480,203,2300,216253.32,55302,-104,-12,-71,9,2300,203,-12,-104,-71,2300,386,-12,-105,-84,2300,202,-19,-112,-84,
01/16/25 12:21:17,38.9156567,-95.31780665,311,480,203,2300,216253.32,55302,-104,-18,-66,8,2300,203,-12,-103,-70,2300,202,-19,-110,-83,2300,386,-15,-109,-82,
01/16/25 12:21:22,38.91565665,-95.31780646666667,311,480,203,2300,216253.32,55302,-103,-14,-68,9,2300,203,-14,-103,-68,2300,386,-16,-104,-80,2300,202,-18,-107,-80,
01/16/25 12:21:25,38.91565666666666,-95.31780633333334,311,480,203,2300,216253.32,55302,-102,-11,-70,6,2300,203,-11,-102,-70,2300,386,-13,-105,-84,2300,202,-20,-112,-84,
01/16/25 12:21:28,38.91565668333333,-95.31780631666666,311,480,203,2300,216253.32,55302,-104,-12,-72,10,2300,203,-12,-104,-72,2300,386,-13,-108,-86,2300,202,-18,-114,-86,
01/16/25 12:21:31,38.91565668333333,-95.31780626666666,311,480,203,2300,216253.32,55302,-105,-14,-71,10,2300,203,-14,-105,-71,2300,386,-11,-103,-84,2300,202,-18,-111,-84,
01/16/25 12:21:34,38.91565671666667,-95.31780618333333,311,480,203,2300,216253.32,55302,-105,-14,-71,9,2300,203,-14,-105,-71,2300,386,-14,-105,-83,2300,202,-19,-110,-83,
01/16/25 12:21:36,38.915656766666665,-95.31780608333334,311,480,203,2300,216253.32,55302,-105,-14,-71,9,2300,203,-15,-105,-69,2300,386,-15,-104,-81,2300,202,-20,-112,-81,
01/16/25 12:21:40,38.915656733333336,-95.31780605,311,480,203,2300,216253.32,55302,-102,-16,-66,10,2300,203,-16,-102,-66,2300,202,-19,-110,-83,2300,386,-15,-106,-83,
01/16/25 12:21:43,38.915656733333336,-95.31780601666667,311,480,203,2300,216253.32,55302,-104,-13,-70,9,2300,203,-13,-104,-70,2300,202,-20,-111,-79,2300,386,-13,-101,-79,
01/16/25 12:21:46,38.91565675,-95.31780601666667,311,480,386,2300,216150.32,55302,-104,-14,-70,10,2300,386,-13,-104,-71,2300,203,-12,-102,-82,
01/16/25 12:21:50,38.91565678333333,-95.31780598333333,311,480,386,2300,216150.32,55302,-104,-14,-70,10,2300,386,-14,-104,-70,2300,203,-13,-102,-80,
01/16/25 12:21:53,38.9156568,-95.31780595,311,480,386,2300,216150.32,55302,-104,-13,-71,9,2300,386,-13,-104,-71,2300,203,-10,-103,-84,
01/16/25 12:21:56,38.91565678333333,-95.31780595,311,480,386,2300,216150.32,55302,-106,-14,-71,8,2300,386,-14,-106,-71,2300,203,-11,-104,-85,
01/16/25 12:21:59,38.9156568,-95.31780595,311,480,386,2300,216150.32,55302,-105,-12,-72,10,2300,386,-12,-105,-72,2300,203,-12,-106,-86,
01/16/25 12:22:02,38.9156568,-95.31780595,311,480,386,2300,216150.32,55302,-105,-14,-69,8,2300,203,-13,-104,-71,2300,386,-15,-105,-67,2300,202,-18,-112,-85,
01/16/25 12:22:07,38.91565678333333,-95.31780595,311,480,203,2300,216253.32,55302,-101,-11,-70,10,2300,203,-11,-101,-70,2300,202,-18,-110,-83,
01/16/25 12:22:10,38.91565678333333,-95.31780595,311,480,203,2300,216253.32,55302,-104,-12,-72,10,2300,203,-12,-104,-72,2300,202,-18,-111,-85,
01/16/25 12:22:13,38.91565678333333,-95.31780588333334,311,480,203,2300,216253.32,55302,-105,-16,-69,9,2300,203,-11,-101,-70,2300,202,-19,-108,-81,2300,386,-13,-102,-81,
01/16/25 12:22:20,38.9156568,-95.31780581666666,311,480,203,2300,216253.32,55302,-107,-14,-72,7,2300,203,-14,-107,-72,2300,386,-13,-107,-86,2300,202,-20,-114,-86,
01/16/25 12:22:23,38.91565681666667,-95.3178058,311,480,203,2300,216253.32,55302,-106,-13,-72,8,2300,203,-13,-106,-72,2300,202,-15,-112,-89,2300,386,-14,-111,-89,
01/16/25 12:22:26,38.91565685,-95.31780571666667,311,480,203,2300,216253.32,55302,-105,-14,-71,7,2300,203,-13,-105,-72,2300,386,-12,-103,-83,2300,202,-18,-110,-83,
01/16/25 12:22:31,38.91565683333334,-95.31780563333334,311,480,203,2300,216253.32,55302,-103,-13,-70,10,2300,203,-13,-103,-70,2300,386,-12,-104,-84,2300,202,-20,-113,-84,
01/16/25 12:22:34,38.91565681666667,-95.31780566666667,311,480,203,2300,216253.32,55302,-105,-15,-70,9,2300,203,-15,-105,-70,2300,386,-12,-105,-85,2300,202,-17,-112,-86,
01/16/25 12:22:37,38.9156568,-95.31780568333333,311,480,203,2300,216253.32,55302,-104,-16,-68,8,2300,203,-14,-105,-70,2300,386,-11,-103,-84,2300,202,-18,-110,-84,
01/16/25 12:22:40,38.915656883333334,-95.3178056,311,480,203,2300,216253.32,55302,-103,-16,-67,6,2300,203,-16,-103,-67,2300,386,-16,-103,-79,2300,202,-18,-106,-79,
01/16/25 12:22:43,38.91565685,-95.31780563333334,311,480,203,2300,216253.32,55302,-105,-12,-72,8,2300,203,-15,-107,-72,2300,386,-11,-104,-85,2300,202,-18,-113,-85,
01/16/25 12:22:48,38.915656733333336,-95.31780568333333,311,480,203,2300,216253.32,55302,-108,-15,-72,7,2300,203,-15,-108,-72,2300,386,-14,-107,-84,2300,202,-20,-119,-84,
01/16/25 12:22:51,38.91565668333333,-95.31780575,311,480,203,2300,216253.32,55302,-106,-19,-66,7,2300,203,-19,-106,-66,2300,386,-15,-103,-80,
01/16/25 12:22:55,38.91565668333333,-95.31780573333333,311,480,203,2300,216253.32,55302,-105,-14,-71,7,2300,203,-14,-105,-71,2300,386,-12,-103,-83,2300,202,-20,-111,-82,
01/16/25 12:22:58,38.915656733333336,-95.31780568333333,311,480,203,2300,216253.32,55302,-105,-14,-70,7,2300,203,-14,-105,-70,2300,386,-11,-102,-83,2300,202,-20,-113,-83,
01/16/25 12:23:01,38.9156567,-95.3178057,311,480,203,2300,216253.32,55302,-103,-12,-71,6,2300,203,-12,-103,-71,2300,386,-12,-103,-82,2300,202,-20,-113,-83,
01/16/25 12:23:04,38.9156567,-95.31780568333333,311,480,203,2300,216253.32,55302,-105,-14,-68,9,2300,203,-14,-105,-71,2300,386,-12,-104,-85,2300,202,-20,-114,-84,
01/16/25 12:23:07,38.91565665,-95.31780571666667,311,480,203,2300,216253.32,55302,-105,-15,-70,9,2300,203,-15,-105,-70,2300,386,-14,-104,-82,2300,202,-20,-120,-82,
01/16/25 12:23:10,38.915656633333334,-95.31780563333334,311,480,203,2300,216253.32,55302,-104,-13,-71,10,2300,203,-13,-104,-71,2300,386,-14,-105,-83,2300,202,-20,-116,-83,
01/16/25 12:23:13,38.9156566,-95.31780565,311,480,203,2300,216253.32,55302,-103,-13,-68,11,2300,386,-12,-104,-71,
01/16/25 12:23:18,38.91565658333333,-95.31780548333333,311,480,386,2300,216150.32,55302,-104,-12,-72,7,2300,386,-12,-104,-72,2300,202,-19,-112,-85,2300,203,-15,-106,-83,
01/16/25 12:23:21,38.91565653333333,-95.31780548333333,311,480,386,2300,216150.32,55302,-103,-13,-70,10,2300,386,-13,-103,-70,2300,203,-15,-109,-85,2300,202,-18,-110,-85,
01/16/25 12:23:24,38.91565656666667,-95.3178055,311,480,386,2300,216150.32,55302,-103,-12,-71,8,2300,386,-12,-103,-71,2300,203,-10,-104,-86,2300,202,-18,-113,-86,
01/16/25 12:23:27,38.91565656666667,-95.3178055,311,480,386,2300,216150.32,55302,-104,-14,-69,8,2300,386,-14,-104,-69,2300,203,-15,-106,-83,2300,202,-20,-112,-83,
01/16/25 12:23:30,38.915656483333336,-95.31780545,311,480,386,2300,216150.32,55302,-106,-16,-69,10,2300,386,-16,-106,-69,2300,202,-15,-108,-84,2300,203,-16,-109,-84,
01/16/25 12:23:33,38.915656483333336,-95.31780528333333,311,480,386,2300,216150.32,55302,-103,-12,-70,9,2300,386,-12,-103,-70,2300,203,-13,-105,-84,2300,202,-17,-109,-84,
01/16/25 12:23:36,38.915656483333336,-95.3178053,311,480,386,2300,216150.32,55302,-106,-15,-70,10,2300,386,-15,-106,-70,2300,203,-12,-104,-84,2300,202,-17,-109,-84,
01/16/25 12:23:39,38.91565646666667,-95.3178053,311,480,386,2300,216150.32,55302,-103,-12,-71,10,2300,386,-16,-111,-74,2300,203,-13,-109,-88,2300,202,-16,-112,-88,
01/16/25 12:23:44,38.915656483333336,-95.3178052,311,480,386,2300,216150.32,55302,-107,-14,-73,8,2300,386,-14,-107,-73,2300,203,-15,-110,-87,2300,202,-18,-113,-85,
01/16/25 12:23:47,38.91565645,-95.3178052,311,480,386,2300,216150.32,55302,-108,-18,-70,6,2300,386,-18,-108,-70,2300,203,-13,-106,-85,2300,202,-17,-110,-85,
01/16/25 12:23:50,38.91565645,-95.31780513333334,311,480,386,2300,216150.32,55302,-107,-16,-70,7,2300,386,-16,-107,-70,2300,203,-18,-109,-83,2300,332,-19,-109,-82,2300,202,-18,-109,-83,
01/16/25 12:23:54,38.91565646666667,-95.31780506666666,311,480,386,2300,216150.32,55302,-107,-17,-69,4,2300,386,-17,-107,-69,2300,203,-9,-100,-82,2300,202,-18,-108,-82,
01/16/25 12:23:57,38.915656416666664,-95.3178051,311,480,386,2300,216150.32,55302,-105,-18,-66,7,2300,386,-18,-105,-66,2300,202,-20,-107,-78,2300,203,-18,-108,-78,
01/16/25 12:24:00,38.91565645,-95.31780508333334,311,480,386,2300,216150.32,55302,-108,-17,-71,9,2300,386,-17,-108,-71,2300,203,-13,-106,-85,2300,202,-18,-110,-83,
01/16/25 12:24:03,38.91565643333333,-95.3178051,311,480,203,2300,216253.32,55302,-105,-13,-71,8,2300,203,-13,-105,-71,2300,332,-20,-116,-85,2300,386,-13,-105,-84,
01/16/25 12:24:06,38.91565643333333,-95.3178051,311,480,203,2300,216253.32,55302,-101,-11,-69,10,2300,203,-11,-101,-69,2300,386,-14,-105,-83,2300,332,-15,-106,-82,
01/16/25 12:24:09,38.915656483333336,-95.31780506666666,311,480,203,2300,216253.32,55302,-102,-14,-68,7,2300,203,-14,-102,-68,2300,386,-13,-103,-82,2300,332,-16,-105,-81,
01/16/25 12:24:12,38.915656416666664,-95.3178051,311,480,203,2300,216253.32,55302,-99,-13,-66,9,2300,203,-13,-99,-66,2300,386,-10,-98,-80,2300,332,-16,-105,-80,
01/16/25 12:24:15,38.91565645,-95.31780505,311,480,203,2300,216253.32,55302,-102,-13,-69,10,2300,203,-13,-102,-69,2300,386,-16,-107,-82,2300,332,-16,-109,-82,
01/16/25 12:24:18,38.915656516666665,-95.317805,311,480,203,2300,216253.32,55302,-104,-13,-71,10,2300,203,-13,-104,-71,
01/16/25 12:24:21,38.91565656666667,-95.31780496666667,311,480,203,2300,216253.32,55302,-105,-14,-71,9,2300,203,-14,-105,-71,
01/16/25 12:24:24,38.9156566,-95.31780493333333,311,480,203,2300,216253.32,55302,-106,-15,-70,10,2300,203,-16,-102,-66,
01/16/25 12:24:29,38.91566483333333,-95.31778608333333,311,480,203,2300,216253.32,55302,-98,-16,-61,9,2300,203,-16,-98,-61,
01/16/25 12:24:32,38.915674616666664,-95.31774351666667,311,480,203,2300,216253.32,55302,-103,-12,-68,11,2300,203,-12,-103,-68,
01/16/25 12:24:35,38.915695316666664,-95.31771138333333,311,480,203,2300,216253.32,55302,-99,-14,-63,9,2300,203,-17,-101,-63,2300,202,-20,-106,-78,2300,386,-15,-100,-77,2300,332,-14,-109,-78,
01/16/25 12:24:41,38.91570705,-95.31771365,311,480,203,2300,216253.32,55302,-100,-15,-64,8,2300,203,-15,-100,-64,2300,386,-13,-99,-78,2300,202,-18,-103,-78,2300,332,-13,-99,-78,
01/16/25 12:24:44,38.91570728333333,-95.31771513333334,311,480,203,2300,216253.32,55302,-101,-14,-64,8,2300,203,-14,-101,-64,2300,332,-13,-100,-78,2300,386,-15,-100,-77,2300,202,-16,-104,-77,
01/16/25 12:24:47,38.915707016666666,-95.31771705,311,480,203,2300,216253.32,55302,-100,-12,-63,9,2300,203,-12,-100,-63,2300,386,-13,-99,-78,2300,332,-14,-101,-77,2300,202,-17,-106,-78,
01/16/25 12:24:50,38.91570645,-95.3177171,311,480,386,2300,216150.32,55302,-98,-16,-61,0,2300,386,-14,-98,-63,2300,203,-13,-98,-77,
01/16/25 12:24:53,38.91570635,-95.31771715,311,480,386,2300,216150.32,55302,-97,-15,-62,7,2300,386,-15,-97,-62,2300,203,-16,-99,-75,
01/16/25 12:24:56,38.91570623333333,-95.31771721666667,311,480,386,2300,216150.32,55302,-99,-14,-64,7,2300,386,-14,-99,-64,2300,203,-15,-101,-78,2300,281,-14,-101,-78,2300,110,-12,-98,-78,2300,332,-15,-104,-78,2300,202,-18,-104,-78,
01/16/25 12:24:59,38.91570623333333,-95.31771715,311,480,386,2300,216150.32,55302,-110,-20,-64,4,2300,386,-20,-110,-64,2300,203,-13,-103,-78,2300,332,-12,-98,-78,2300,110,-18,-104,-78,2300,281,-16,-102,-78,
01/16/25 12:25:02,38.91570626666667,-95.31771718333333,311,480,203,2300,216253.32,55302,-99,-14,-65,0,2300,203,-14,-99,-65,2300,332,-19,-103,-64,2300,281,-14,-103,-76,2300,386,-15,-102,-76,2300,202,-17,-101,-76,
01/16/25 12:25:05,38.91570625,-95.31771716666667,311,480,203,2300,216253.32,55302,-99,-14,-65,8,2300,203,-15,-99,-63,2300,386,-16,-99,-75,2300,332,-15,-98,-75,
01/16/25 12:25:10,38.91570565,-95.31771628333334,311,480,332,2300,220252.32,55302,-103,-17,-65,0,2300,332,-17,-103,-65,2300,203,-17,-106,-64,2300,386,-15,-99,-77,
01/16/25 12:25:13,38.91571763333334,-95.31771926666667,311,480,386,2300,216150.32,55302,-97,-16,-60,9,2300,386,-16,-97,-60,2300,332,-17,-100,-75,2300,203,-16,-101,-76,
01/16/25 12:25:17,38.915764083333336,-95.31773735,311,480,386,2300,216150.32,55302,-103,-15,-64,4,2300,386,-16,-99,-62,2300,203,-15,-101,-75,
01/16/25 12:25:20,38.9157935,-95.31773138333334,311,480,386,2300,216150.32,55302,-100,-17,-63,9,2300,386,-17,-100,-63,2300,203,-11,-100,-77,2300,202,-15,-101,-77,
01/16/25 12:25:23,38.91582518333333,-95.31772906666667,311,480,203,2300,216253.32,55302,-98,-11,-67,0,2300,203,-11,-98,-67,2300,386,-17,-109,-66,2300,202,-18,-105,-78,
01/16/25 12:25:26,38.91586465,-95.31772493333334,311,480,203,2300,216253.32,55302,-98,-13,-65,9,2300,203,-13,-98,-65,2300,386,-11,-96,-77,2300,110,-18,-105,-79,
01/16/25 12:25:29,38.91589286666667,-95.3177246,311,480,203,2300,216253.32,55302,-106,-14,-72,9,2300,203,-14,-106,-72,2300,386,-11,-105,-86,2300,110,-13,-107,-86,
01/16/25 12:25:32,38.915890766666664,-95.31771473333333,311,480,203,2300,216253.32,55302,-105,-12,-73,10,2300,203,-12,-105,-73,2300,386,-20,-117,-85,2300,110,-20,-114,-85,
01/16/25 12:25:35,38.91588715,-95.31771146666667,311,480,203,2300,216253.32,55302,-107,-14,-72,8,2300,203,-14,-107,-72,2300,386,-12,-104,-84,2300,110,-20,-113,-84,
01/16/25 12:25:38,38.91588578333333,-95.31770986666666,311,480,203,2300,216253.32,55302,-106,-15,-71,9,2300,203,-15,-106,-71,2300,386,-12,-103,-83,2300,202,-20,-111,-82,
01/16/25 12:25:41,38.91588586666667,-95.31771033333334,311,480,203,2300,216253.32,55302,-106,-16,-70,9,2300,203,-16,-106,-70,2300,386,-13,-105,-84,2300,202,-16,-110,-84,
01/16/25 12:25:44,38.91588565,-95.31770975,311,480,203,2300,216253.32,55302,-107,-14,-72,10,2300,203,-14,-107,-72,2300,386,-12,-106,-85,2300,202,-16,-111,-85,
01/16/25 12:25:47,38.91588551666667,-95.31770958333334,311,480,203,2300,216253.32,55302,-105,-16,-69,9,2300,203,-16,-105,-69,2300,386,-14,-105,-83,2300,202,-15,-107,-83,
01/16/25 12:25:50,38.91588543333334,-95.3177095,311,480,203,2300,216253.32,55302,-104,-14,-70,7,2300,203,-14,-104,-70,2300,386,-11,-105,-85,2300,202,-17,-112,-85,
01/16/25 12:25:53,38.91588541666667,-95.31770945,311,480,203,2300,216253.32,55302,-106,-15,-70,9,2300,203,-15,-106,-70,2300,386,-12,-103,-83,2300,202,-17,-108,-83,
01/16/25 12:25:56,38.91588535,-95.31770938333334,311,480,203,2300,216253.32,55302,-106,-12,-74,9,2300,203,-12,-106,-74,2300,386,-12,-108,-87,2300,202,-17,-112,-88,
01/16/25 12:25:59,38.91588531666667,-95.31770931666667,311,480,203,2300,216253.32,55302,-107,-14,-73,7,2300,203,-14,-107,-73,2300,386,-10,-105,-88,2300,202,-19,-115,-88,
01/16/25 12:26:02,38.915885233333334,-95.31770923333333,311,480,203,2300,216253.32,55302,-107,-15,-72,7,2300,203,-14,-107,-73,2300,386,-11,-106,-87,2300,202,-16,-113,-87,
01/16/25 12:26:06,38.9158852,-95.31770915,311,480,203,2300,216253.32,55302,-106,-14,-71,9,2300,203,-14,-106,-71,2300,386,-12,-105,-84,2300,202,-17,-110,-84,
01/16/25 12:26:09,38.9158851,-95.31770908333333,311,480,203,2300,216253.32,55302,-107,-14,-73,9,2300,203,-14,-107,-73,2300,202,-17,-112,-86,
01/16/25 12:26:12,38.915885083333336,-95.31770895,311,480,203,2300,216253.32,55302,-107,-14,-72,7,2300,203,-14,-107,-72,2300,202,-16,-111,-87,
01/16/25 12:26:16,38.91588506666667,-95.3177089,311,480,203,2300,216253.32,55302,-106,-12,-74,8,2300,203,-12,-106,-74,2300,202,-16,-114,-90,
01/16/25 12:26:19,38.91588505,-95.31770888333334,311,480,203,2300,216253.32,55302,-104,-12,-71,8,2300,203,-12,-104,-71,2300,202,-16,-112,-88,
01/16/25 12:26:22,38.91588503333333,-95.31770881666667,311,480,203,2300,216253.32,55302,-106,-14,-71,6,2300,203,-14,-106,-71,2300,202,-20,-114,-86,2300,386,-12,-103,-83,
01/16/25 12:26:25,38.915885,-95.3177087,311,480,203,2300,216253.32,55302,-107,-15,-71,8,2300,203,-15,-107,-71,2300,386,-12,-105,-85,
01/16/25 12:26:28,38.91588496666667,-95.31770861666666,311,480,203,2300,216253.32,55302,-107,-13,-74,7,2300,203,-13,-107,-74,2300,386,-13,-107,-86,2300,202,-18,-112,-86,
01/16/25 12:26:31,38.91588493333333,-95.31770855,311,480,203,2300,216253.32,55302,-107,-13,-74,8,2300,203,-13,-107,-74,2300,386,-11,-106,-87,2300,202,-16,-112,-87,
01/16/25 12:26:35,38.915884883333334,-95.31770843333334,311,480,203,2300,216253.32,55302,-107,-14,-73,8,2300,203,-14,-107,-73,2300,386,-10,-106,-88,2300,202,-18,-114,-88,
01/16/25 12:26:39,38.91588483333334,-95.31770833333333,311,480,203,2300,216253.32,55302,-107,-13,-73,7,2300,203,-13,-107,-73,2300,386,-10,-106,-88,2300,202,-17,-113,-88,
01/16/25 12:26:42,38.915884766666665,-95.31770825,311,480,203,2300,216253.32,55302,-107,-15,-72,8,2300,203,-15,-107,-72,2300,386,-11,-105,-86,2300,202,-19,-113,-86,
01/16/25 12:26:45,38.91588468333333,-95.31770823333333,311,480,203,2300,216253.32,55302,-107,-15,-72,8,2300,203,-15,-107,-72,2300,386,-11,-106,-87,2300,202,-17,-112,-87,
01/16/25 12:26:48,38.91588468333333,-95.31770821666667,311,480,203,2300,216253.32,55302,-107,-13,-74,8,2300,203,-13,-107,-74,2300,386,-11,-106,-87,2300,202,-16,-112,-87,
01/16/25 12:26:51,38.915884633333334,-95.31770821666667,311,480,203,2300,216253.32,55302,-107,-14,-73,7,2300,203,-14,-107,-73,2300,386,-11,-106,-87,2300,202,-16,-111,-87,
01/16/25 12:26:54,38.915884616666666,-95.31770815,311,480,203,2300,216253.32,55302,-107,-13,-74,7,2300,203,-13,-107,-74,2300,386,-12,-108,-88,2300,202,-18,-113,-88,
01/16/25 12:26:57,38.9158846,-95.3177081,311,480,203,2300,216253.32,55302,-104,-16,-68,10,2300,203,-12,-106,-73,2300,386,-13,-107,-86,2300,202,-18,-113,-86,
01/16/25 12:27:04,38.915862266666664,-95.31788616666667,311,480,203,2300,216253.32,55302,-106,-13,-72,11,2300,203,-13,-106,-72,2300,386,-13,-108,-86,2300,202,-17,-113,-86,
01/16/25 12:27:07,38.915866083333334,-95.31788605,311,480,203,2300,216253.32,55302,-106,-13,-73,11,2300,203,-13,-106,-73,2300,386,-12,-107,-87,2300,202,-18,-113,-87,
01/16/25 12:27:10,38.9158649,-95.31788213333333,311,480,203,2300,216253.32,55302,-106,-13,-73,11,2300,203,-14,-108,-73,2300,202,-18,-113,-87,2300,386,-14,-109,-87,
01/16/25 12:27:15,38.91586876666667,-95.31788261666667,311,480,203,2300,216253.32,55302,-103,-12,-70,11,2300,203,-12,-103,-70,2300,386,-15,-105,-82,2300,202,-16,-108,-83,
01/16/25 12:27:18,38.91586876666667,-95.31788303333333,311,480,203,2300,216253.32,55302,-110,-15,-74,9,2300,203,-15,-110,-74,2300,386,-14,-110,-88,2300,202,-15,-111,-88,
01/16/25 12:27:21,38.915868716666665,-95.31788328333333,311,480,203,2300,216253.32,55302,-106,-14,-72,8,2300,203,-14,-106,-72,2300,386,-15,-108,-83,2300,202,-16,-109,-83,
01/16/25 12:27:24,38.91586878333333,-95.31788348333333,311,480,203,2300,216253.32,55302,-95,-11,-64,11,2300,203,-11,-95,-64,2300,386,-15,-103,-79,2300,202,-17,-104,-79,
01/16/25 12:27:27,38.91588443333333,-95.31783455,311,480,203,2300,216253.32,55302,-99,-12,-65,10,2300,203,-11,-100,-66,2300,202,-15,-106,-81,
01/16/25 12:27:32,38.9159049,-95.31775605,311,480,203,2300,216253.32,55302,-98,-11,-66,9,2300,203,-11,-98,-66,2300,202,-16,-103,-79,
01/16/25 12:27:35,38.915907266666665,-95.31771011666666,311,480,203,2300,216253.32,55302,-100,-13,-66,11,2300,203,-14,-99,-64,2300,202,-20,-106,-78,2300,386,-9,-96,-78,
01/16/25 12:27:39,38.91592235,-95.31768656666667,311,480,203,2300,216253.32,55302,-101,-11,-70,8,2300,203,-11,-101,-70,2300,386,-13,-103,-82,2300,202,-20,-111,-82,
01/16/25 12:27:43,38.91591871666667,-95.31769975,311,480,203,2300,216253.32,55302,-103,-13,-70,9,2300,203,-13,-103,-70,2300,386,-15,-109,-84,2300,202,-20,-113,-84,
01/16/25 12:27:46,38.915914066666666,-95.31769935,311,480,203,2300,216253.32,55302,-107,-14,-73,6,2300,203,-14,-109,-74,2300,386,-13,-108,-87,2300,202,-20,-115,-87,
01/16/25 12:27:50,38.915909033333335,-95.3176996,311,480,203,2300,216253.32,55302,-108,-15,-73,6,2300,203,-15,-108,-73,2300,386,-11,-104,-84,2300,202,-20,-115,-84,
01/16/25 12:27:53,38.9159144,-95.31772088333334,311,480,203,2300,216253.32,55302,-106,-14,-72,7,2300,203,-14,-106,-72,2300,386,-12,-105,-85,2300,202,-17,-111,-85,
01/16/25 12:27:56,38.91590835,-95.31772816666667,311,480,203,2300,216253.32,55302,-102,-12,-69,7,2300,203,-19,-100,-60,2300,386,-14,-99,-74,2300,202,-20,-108,-74,
01/16/25 12:28:00,38.915904983333334,-95.31772913333333,311,480,203,2300,216253.32,55302,-101,-15,-65,9,2300,203,-15,-101,-65,2300,386,-14,-101,-78,2300,202,-15,-102,-78,2300,332,-18,-104,-78,
01/16/25 12:28:03,38.9158979,-95.31769821666667,311,480,203,2300,216253.32,55302,-107,-14,-73,10,2300,203,-14,-108,-74,2300,386,-15,-110,-86,2300,202,-20,-114,-86,2300,110,-19,-113,-86,
01/16/25 12:28:06,38.915893966666665,-95.3176959,311,480,203,2300,216253.32,55302,-107,-13,-71,6,2300,203,-13,-107,-71,2300,386,-14,-109,-83,
01/16/25 12:28:09,38.915893833333335,-95.31770051666666,311,480,203,2300,216253.32,55302,-105,-13,-72,6,2300,203,-14,-109,-75,2300,386,-15,-112,-85,
01/16/25 12:28:12,38.91589175,-95.31769993333333,311,480,203,2300,216253.32,55302,-105,-14,-71,6,2300,203,-14,-105,-71,2300,386,-13,-103,-82,2300,202,-20,-113,-82,
01/16/25 12:28:15,38.9158919,-95.31770146666666,311,480,386,2300,216150.32,55302,-106,-13,-72,10,2300,386,-13,-106,-72,
01/16/25 12:28:18,38.9158919,-95.31770161666667,311,480,386,2300,216150.32,55302,-110,-16,-74,8,2300,386,-16,-110,-74,
01/16/25 12:28:21,38.915891783333336,-95.31770145,311,480,386,2300,216150.32,55302,-108,-16,-72,10,2300,386,-16,-108,-72,
01/16/25 12:28:24,38.91589175,-95.31770138333333,311,480,386,2300,216150.32,55302,-108,-14,-74,9,2300,386,-13,-107,-73,
01/16/25 12:28:28,38.91589173333333,-95.31770133333333,311,480,386,2300,216150.32,55302,-107,-17,-70,10,2300,386,-17,-107,-70,
01/16/25 12:28:31,38.91589448333333,-95.31778058333333,311,480,386,2300,216150.32,55302,-104,-15,-69,10,2300,386,-15,-104,-69,2300,203,-12,-102,-82,2300,202,-19,-112,-82,
01/16/25 12:28:34,38.915883683333334,-95.31808216666667,311,480,386,2300,216150.32,55302,-90,-12,-56,10,2300,386,-12,-90,-56,2300,203,-12,-90,-70,2300,202,-18,-103,-70,
01/16/25 12:28:38,38.91571473333333,-95.31857931666667,311,480,386,2300,216150.32,55302,-93,-13,-55,10,2300,386,-17,-90,-52,2300,203,-12,-85,-65,2300,202,-19,-94,-65,
01/16/25 12:28:41,38.91578641666667,-95.31897018333333,311,480,203,2300,216253.32,55302,-86,-14,-52,10,2300,203,-14,-86,-52,2300,386,-12,-90,-64,2300,104,-15,-93,-64,2300,110,-17,-88,-63,
01/16/25 12:28:44,38.91610555,-95.31919218333333,311,480,203,2300,216253.32,55302,-95,-17,-52,7,2300,203,-17,-95,-52,2300,386,-12,-86,-66,2300,104,-14,-89,-67,2300,110,-14,-88,-66,
01/16/25 12:28:47,38.916539416666666,-95.31911781666666,311,480,104,2300,216144.32,55302,-96,-20,-54,5,2300,386,-16,-92,-55,2300,104,-20,-96,-54,2300,110,-16,-91,-66,2300,203,-16,-90,-66,2300,369,-20,-94,-67,
01/16/25 12:28:50,38.916903616666666,-95.31872661666667,311,480,203,2300,216253.32,55302,-92,-15,-57,0,2300,203,-15,-92,-57,2300,110,-15,-97,-68,2300,386,-17,-99,-56,2300,104,-17,-95,-69,
01/16/25 12:28:53,38.917086483333335,-95.31809326666666,311,480,203,2300,216253.32,55302,-96,-20,-56,5,2300,203,-20,-96,-56,2300,386,-13,-90,-67,2300,437,-13,-92,-68,
01/16/25 12:28:57,38.91713768333334,-95.31720455,311,480,203,2300,216253.32,55302,-94,-19,-54,6,2300,203,-19,-94,-54,2300,437,-17,-101,-67,2300,110,-14,-97,-67,2300,386,-18,-94,-67,
01/16/25 12:29:01,38.91709436666667,-95.3163763,311,480,203,2300,216253.32,55302,-90,-18,-52,8,2300,203,-20,-94,-51,2300,110,-20,-99,-64,2300,332,-17,-89,-63,
01/16/25 12:29:04,38.91691175,-95.31584273333333,311,480,332,2300,220252.32,55302,-102,-20,-53,1,2300,332,-20,-102,-53,2300,110,-15,-94,-65,2300,203,-20,-93,-65,2300,386,-20,-93,-65,
01/16/25 12:29:07,38.91659798333333,-95.31577305,311,480,110,2300,216458.32,55302,-98,-20,-54,4,2300,110,-20,-98,-54,2300,332,-17,-99,-68,2300,203,-18,-99,-67,2300,386,-20,-97,-68,
01/16/25 12:29:10,38.916504616666664,-95.31614355,311,480,110,2300,216458.32,55302,-96,-20,-51,5,2300,203,-15,-88,-52,2300,110,-20,-96,-51,2300,437,-18,-90,-64,2300,386,-16,-101,-64,
01/16/25 12:29:13,38.91659068333333,-95.31652366666667,311,480,203,2300,216253.32,55302,-92,-17,-55,9,2300,203,-17,-92,-55,2300,437,-17,-93,-68,2300,202,-19,-96,-68,2300,110,-14,-100,-68,
01/16/25 12:29:16,38.91677823333333,-95.31683651666667,311,480,203,2300,216253.32,55302,-88,-16,-52,9,2300,203,-16,-88,-52,2300,110,-17,-91,-65,2300,437,-19,-92,-65,
01/16/25 12:29:19,38.9170181,-95.3172093,311,480,203,2300,216253.32,55302,-93,-20,-52,6,2300,203,-20,-93,-52,2300,110,-16,-91,-66,2300,369,-17,-91,-65,
01/16/25 12:29:22,38.91727095,-95.31757248333334,311,480,203,2300,216253.32,55302,-92,-16,-55,7,2300,203,-16,-92,-55,2300,386,-17,-93,-67,
01/16/25 12:29:26,38.917190166666664,-95.3182092,311,480,203,2300,216253.32,55302,-92,-16,-55,6,2300,203,-16,-92,-55,2300,386,-14,-90,-68,2300,369,-20,-96,-68,
01/16/25 12:29:29,38.91704668333333,-95.31865431666667,311,480,203,2300,216253.32,55302,-93,-17,-56,6,2300,203,-17,-93,-56,2300,386,-15,-91,-68,2300,113,-20,-100,-71,
01/16/25 12:29:32,38.91681965,-95.3190341,311,480,203,2300,216253.32,55302,-90,-14,-54,10,2300,203,-14,-90,-54,2300,437,-19,-93,-66,2300,386,-20,-100,-66,
01/16/25 12:29:35,38.9164758,-95.31941781666667,311,480,203,2300,216253.32,55302,-85,-15,-46,8,2300,203,-15,-85,-46,2300,386,-14,-79,-58,2300,437,-16,-83,-57,
01/16/25 12:29:38,38.916060683333335,-95.31953903333333,311,480,203,2300,216253.32,55302,-92,-19,-52,7,2300,203,-19,-92,-52,2300,386,-16,-93,-66,2300,437,-15,-91,-66,
01/16/25 12:29:41,38.91565143333333,-95.31949381666666,311,480,203,2300,216253.32,55302,-87,-20,-47,6,2300,203,-20,-87,-47,2300,386,-17,-85,-59,2300,104,-19,-87,-59,
01/16/25 12:29:44,38.91525033333333,-95.31913776666667,311,480,203,2300,216253.32,55302,-85,-16,-49,7,2300,203,-16,-85,-49,2300,386,-18,-88,-62,
01/16/25 12:29:47,38.91502621666667,-95.31853215,311,480,203,2300,216253.32,55302,-85,-16,-48,10,2300,203,-16,-84,-47,2300,386,-13,-84,-62,2300,437,-15,-85,-62,
01/16/25 12:29:50,38.9149343,-95.31787335,311,480,203,2300,216253.32,55302,-84,-17,-47,10,2300,203,-16,-85,-49,2300,437,-13,-84,-63,2300,386,-14,-85,-63,
01/16/25 12:29:54,38.91485695,-95.31696911666667,311,480,203,2300,216253.32,55302,-89,-17,-51,8,2300,203,-17,-89,-51,2300,386,-13,-88,-65,2300,437,-15,-88,-65,
01/16/25 12:29:57,38.91485711666667,-95.31627273333334,311,480,203,2300,216253.32,55302,-90,-17,-51,8,2300,203,-17,-90,-51,2300,386,-13,-86,-64,2300,437,-14,-88,-65,
01/16/25 12:30:01,38.914860366666666,-95.31537938333334,311,480,203,2300,216253.32,55302,-89,-18,-51,8,2300,203,-18,-89,-51,2300,386,-16,-86,-62,2300,437,-20,-96,-62,
01/16/25 12:30:04,38.914871983333335,-95.3147101,311,480,203,2300,216253.32,55302,-91,-17,-52,6,2300,203,-17,-91,-52,2300,386,-12,-88,-66,
01/16/25 12:30:07,38.915026866666665,-95.31408865,311,480,203,2300,216253.32,55302,-93,-18,-55,8,2300,203,-18,-93,-55,2300,202,-17,-92,-67,2300,386,-14,-93,-67,2300,369,-17,-92,-67,2300,256,-15,-90,-66,
01/16/25 12:30:10,38.91538981666667,-95.31371453333334,311,480,203,2300,216253.32,55302,-95,-20,-54,7,2300,203,-20,-98,-56,2300,337,-15,-94,-71,2300,202,-20,-100,-69,2300,104,-18,-95,-69,2300,369,-11,-89,-69,2300,386,-15,-92,-69,
01/16/25 12:30:13,38.915778616666664,-95.3134508,311,480,369,2300,216158.12,55302,-93,-15,-58,11,2300,369,-15,-93,-58,2300,370,-15,-94,-71,2300,203,-13,-93,-71,
01/16/25 12:30:16,38.91618095,-95.31329386666667,311,480,369,2300,216158.12,55302,-91,-14,-57,11,2300,369,-14,-91,-57,2300,370,-15,-92,-69,2300,203,-15,-101,-69,
01/16/25 12:30:19,38.91656758333333,-95.31319845,311,480,369,2300,216158.12,55302,-93,-16,-56,7,2300,369,-17,-93,-55,2300,203,-15,-91,-68,2300,110,-19,-95,-68,2300,256,-19,-95,-67,2300,386,-16,-96,-67,
01/16/25 12:30:25,38.917231816666664,-95.31343876666666,311,480,203,2300,216253.32,55302,-98,-20,-56,6,2300,203,-20,-98,-56,2300,110,-14,-94,-68,2300,369,-13,-90,-69,
01/16/25 12:30:28,38.917416616666664,-95.31375343333333,311,480,369,2300,216158.12,55302,-99,-20,-57,7,2300,369,-20,-107,-59,2300,203,-16,-96,-71,2300,110,-16,-97,-71,2300,370,-17,-105,-71,2300,202,-20,-103,-71,
01/16/25 12:30:31,38.91753683333334,-95.31409448333334,311,480,110,2300,216458.32,55302,-97,-20,-56,0,2300,110,-20,-97,-56,2300,203,-20,-104,-58,
01/16/25 12:30:34,38.91762955,-95.31445208333334,311,480,110,2300,216458.32,55302,-93,-16,-56,9,2300,110,-16,-93,-56,2300,203,-20,-97,-68,2300,104,-16,-94,-69,2300,386,-16,-97,-69,2300,281,-17,-94,-69,
01/16/25 12:30:37,38.91769025,-95.3148054,311,480,110,2300,216458.32,55302,-92,-17,-55,7,2300,110,-15,-92,-56,2300,281,-14,-92,-70,2300,203,-15,-93,-70,2300,386,-15,-94,-70,2300,104,-15,-94,-70,
01/16/25 12:30:40,38.91769513333333,-95.31517218333333,311,480,110,2300,216458.32,55302,-95,-19,-55,6,2300,110,-19,-95,-55,2300,281,-13,-90,-69,2300,203,-14,-91,-68,2300,386,-12,-89,-68,2300,104,-13,-91,-69,
01/16/25 12:30:43,38.91771421666667,-95.31554628333333,311,480,110,2300,216458.32,55302,-93,-18,-55,8,2300,110,-18,-93,-55,2300,203,-15,-92,-69,2300,332,-20,-97,-69,2300,386,-13,-96,-69,2300,104,-16,-99,-69,
01/16/25 12:30:46,38.91772923333333,-95.31591075,311,480,110,2300,216458.32,55302,-95,-17,-57,7,2300,110,-19,-93,-53,2300,203,-16,-94,-66,2300,386,-12,-91,-68,
01/16/25 12:30:51,38.917871133333335,-95.31647298333333,311,480,110,2300,216458.32,55302,-94,-19,-55,7,2300,110,-19,-94,-55,2300,203,-15,-94,-70,2300,386,-14,-94,-70,2300,104,-15,-93,-70,2300,369,-16,-99,-70,2300,370,-15,-95,-70,2300,281,-15,-93,-70,
01/16/25 12:30:54,38.917956466666666,-95.31683021666667,311,480,110,2300,216458.32,55302,-91,-20,-51,6,2300,110,-20,-91,-51,2300,302,-20,-91,-62,2300,386,-16,-87,-63,2300,104,-20,-91,-62,2300,332,-20,-100,-62,
01/16/25 12:30:57,38.9180221,-95.31718445,311,480,386,2300,216150.32,55302,-89,-14,-52,9,2300,386,-14,-89,-52,2300,110,-14,-89,-66,2300,369,-12,-86,-66,2300,203,-19,-92,-65,
01/16/25 12:31:01,38.91814255,-95.31763658333334,311,480,386,2300,216150.32,55302,-88,-15,-52,10,2300,386,-15,-88,-52,2300,281,-16,-92,-66,2300,104,-19,-92,-65,
01/16/25 12:31:04,38.91813318333333,-95.31800425,311,480,386,2300,216150.32,55302,-89,-14,-55,10,2300,386,-14,-89,-55,2300,104,-14,-90,-68,2300,281,-14,-90,-68,
01/16/25 12:31:07,38.91808821666667,-95.31836473333334,311,480,386,2300,216150.32,55302,-92,-16,-56,8,2300,386,-16,-92,-56,2300,104,-16,-95,-68,2300,203,-19,-97,-68,2300,110,-15,-91,-68,2300,170,-18,-96,-68,