Date Time,latitude,longitude,MCC,MNC,PCI,EARFCN,CellID,LAC,RSRP,RSRQ,RSSI,SINR,NB1_EARFCN,NB1_PCI,NB1_RSRQ,NB1_RSRP,NB1_RSSI,NB2_EARFCN,NB2_PCI,NB2_RSRQ,NB2_RSRP,NB2_RSSI,NB3_EARFCN,NB3_PCI,NB3_RSRQ,NB3_RSRP,NB3_RSSI,NB4_EARFCN,NB4_PCI,NB4_RSRQ,NB4_RSRP,NB4_RSSI,NB5_EARFCN,NB5_PCI,NB5_RSRQ,NB5_RSRP,NB5_RSSI,NB6_EARFCN,NB6_PCI,NB6_RSRQ,NB6_RSRP,NB6_RSSI,NB7_EARFCN,NB7_PCI,NB7_RSRQ,NB7_RSRP,NB7_RSSI,NB8_EARFCN,NB8_PCI,NB8_RSRQ,NB8_RSRP,NB8_RSSI,NB9_EARFCN,NB9_PCI,NB9_RSRQ,NB9_RSRP,NB9_RSSI,NB10_EARFCN,NB10_PCI,NB10_RSRQ,NB10_RSRP,NB10_RSSI
11/30/23 14:22:04,38.9535427,-95.26237681666667,311,480,332,2300,216252.32,55302,-89,-17,-50,8,
11/30/23 14:22:08,38.953447866666664,-95.2614382,311,480,332,2300,216252.32,55302,-88,-18,-49,8,311,480,260,2300,216090.32,55302,-80,-14,-45,9,311,480,214,2300,216844.22,55302,-77,-10,-47,14,311,480,214,2300,216844.22,55302,-77,-9,-48,16,311,480,214,2300,216844.22,55302,-77,-9,-47,14,311,480,214,2300,216844.22,55302,-78,-9,-49,14,311,480,214,2300,216844.22,55302,-77,-9,-48,15,311,480,214,2300,216844.22,55302,-76,-7,-48,16,311,480,214,2300,216844.22,55302,-78,-9,-48,14,311,480,214,2300,216844.22,55302,-71,-10,-40,15,
11/30/23 14:22:50,38.95364945,-95.25965643333333,
11/30/23 14:22:51,38.9536771,-95.25962178333333,311,480,214,2300,216844.22,55302,-62,-9,-32,16,
11/30/23 14:22:54,38.95364788333333,-95.25941111666667,311,480,214,2300,216844.22,55302,-63,-10,-33,16,
11/30/23 14:22:58,38.9538617,-95.25902951666667,311,480,214,2300,216844.22,55302,-67,-9,-38,16,311,480,214,2300,216844.22,55302,-68,-9,-38,15,311,480,214,2300,216844.22,55302,-67,-8,-38,17,311,480,214,2300,216844.22,55302,-73,-9,-45,15,311,480,214,2300,216844.22,55302,-78,-10,-46,12,311,480,214,2300,216844.22,55302,-81,-12,-48,11,311,480,214,2300,216844.22,55302,-88,-12,-56,11,
11/30/23 14:23:27,38.95275933333333,-95.2580848,311,480,260,2300,216090.32,55302,-85,-14,-51,11,
11/30/23 14:23:32,38.95236536666667,-95.25771853333333,311,480,260,2300,216090.32,55302,-84,-15,-48,10,
11/30/23 14:23:36,38.952155516666664,-95.25740618333333,311,480,278,2300,216455.32,55302,-82,-15,-47,12,
11/30/23 14:23:40,38.95193808333333,-95.25707001666666,311,480,278,2300,216455.32,55302,-82,-15,-47,13,
11/30/23 14:23:44,38.951792616666665,-95.25674906666667,311,480,278,2300,216455.32,55302,-85,-13,-51,11,
11/30/23 14:23:48,38.951681416666666,-95.25657381666667,311,480,278,2300,216455.32,55302,-85,-15,-49,11,
11/30/23 14:23:52,38.95156911666667,-95.25648503333333,311,480,278,2300,216455.32,55302,-84,-14,-53,14,
11/30/23 14:23:56,38.95161028333333,-95.25653568333334,311,480,278,2300,216455.32,55302,-84,-15,-48,13,
11/30/23 14:24:00,38.951603483333336,-95.25653666666666,311,480,278,2300,216455.32,55302,-81,-11,-49,13,
11/30/23 14:24:04,38.95160421666667,-95.25653611666667,311,480,278,2300,216455.32,55302,-87,-14,-51,11,
11/30/23 14:24:09,38.95160741666667,-95.25653493333333,311,480,278,2300,216455.32,55302,-89,-18,-50,9,
11/30/23 14:24:13,38.951512533333336,-95.25630828333334,311,480,278,2300,216455.32,55302,-83,-13,-49,10,
11/30/23 14:24:17,38.95138125,-95.25614848333333,311,480,278,2300,216455.32,55302,-82,-11,-50,13,
11/30/23 14:24:21,38.9512585,-95.2560367,311,480,278,2300,216455.32,55302,-78,-14,-42,14,
11/30/23 14:24:25,38.951231883333335,-95.2556785,311,480,278,2300,216455.32,55302,-82,-12,-48,14,
11/30/23 14:24:29,38.951366416666666,-95.25536811666667,311,480,278,2300,216455.32,55302,-85,-14,-51,13,311,480,278,2300,216455.32,55302,-89,-13,-56,11,
11/30/23 14:24:38,38.95138675,-95.254401,311,480,278,2300,216455.32,55302,-88,-15,-53,11,
11/30/23 14:24:42,38.95128613333333,-95.25382276666667,311,480,278,2300,216455.32,55302,-83,-10,-54,14,
11/30/23 14:24:46,38.951344066666664,-95.25334121666667,311,480,278,2300,216455.32,55302,-65,-10,-34,21,
11/30/23 14:24:50,38.95134993333333,-95.25291823333333,311,480,278,2300,216455.32,55302,-64,-11,-32,21,
11/30/23 14:24:54,38.951158416666665,-95.25263803333333,311,480,278,2300,216455.32,55302,-63,-7,-36,23,
11/30/23 14:24:58,38.95124263333334,-95.25269168333334,311,480,278,2300,216455.32,55302,-64,-8,-35,23,
11/30/23 14:25:02,38.95128773333333,-95.2527979,311,480,278,2300,216455.32,55302,-64,-12,-31,22,
11/30/23 14:25:06,38.9513056,-95.25280078333333,311,480,278,2300,216455.32,55302,-64,-12,-28,20,
11/30/23 14:25:10,38.95130518333333,-95.25279128333334,311,480,278,2300,216455.32,55302,-69,-12,-36,18,
11/30/23 14:25:15,38.951277733333335,-95.25253961666667,311,480,278,2300,216455.32,55302,-74,-13,-37,18,
11/30/23 14:25:19,38.9512619,-95.2521473,311,480,278,2300,216455.32,55302,-70,-13,-33,20,
11/30/23 14:25:23,38.9512723,-95.25187496666666,311,480,278,2300,216455.32,55302,-74,-12,-42,19,
11/30/23 14:25:27,38.9512516,-95.25164418333334,311,480,278,2300,216455.32,55302,-74,-12,-40,18,
11/30/23 14:25:31,38.95131035,-95.25163803333334,311,480,278,2300,216455.32,55302,-74,-14,-40,19,
11/30/23 14:25:35,38.9512982,-95.2515875,311,480,278,2300,216455.32,55302,-74,-13,-40,19,
11/30/23 14:25:39,38.95128236666667,-95.25156638333333,
11/30/23 14:25:41,38.9512802,-95.25155283333334,311,480,278,2300,216455.32,55302,-74,-13,-41,19,
11/30/23 14:25:44,38.9512903,-95.25154008333334,311,480,278,2300,216455.32,55302,-74,-13,-41,19,
11/30/23 14:25:48,38.951313633333335,-95.25153875,311,480,278,2300,216455.32,55302,-73,-13,-39,20,
11/30/23 14:25:52,38.9513241,-95.25153535,311,480,278,2300,216455.32,55302,-73,-13,-39,18,
11/30/23 14:25:56,38.95132485,-95.25153501666667,311,480,278,2300,216455.32,55302,-71,-14,-36,18,311,480,278,2300,216455.32,55302,-68,-13,-33,20,311,480,278,2300,216455.32,55302,-68,-12,-36,20,311,480,278,2300,216455.32,55302,-70,-9,-40,18,
11/30/23 14:26:13,38.951324766666666,-95.25153496666667,311,480,278,2300,216455.32,55302,-70,-11,-38,18,
11/30/23 14:26:17,38.95132458333333,-95.25153488333333,311,480,278,2300,216455.32,55302,-69,-11,-38,20,
11/30/23 14:26:22,38.95132456666666,-95.2515349,311,480,278,2300,216455.32,55302,-68,-13,-35,20,
11/30/23 14:26:26,38.95132435,-95.25153463333334,311,480,278,2300,216455.32,55302,-73,-12,-40,16,
11/30/23 14:26:30,38.951324283333335,-95.25153455,311,480,278,2300,216455.32,55302,-78,-14,-44,16,
11/30/23 14:26:34,38.9513243,-95.25153453333333,311,480,278,2300,216455.32,55302,-73,-13,-39,17,
11/30/23 14:26:38,38.95132426666667,-95.25153451666667,311,480,278,2300,216455.32,55302,-72,-11,-40,16,
11/30/23 14:26:42,38.95132425,-95.25153451666667,311,480,278,2300,216455.32,55302,-71,-11,-39,17,
11/30/23 14:26:46,38.95132425,-95.2515345,311,480,278,2300,216455.32,55302,-71,-15,-35,16,311,480,278,2300,216455.32,55302,-72,-13,-40,17,311,480,277,2300,216455.22,55302,-80,-14,-46,12,311,480,277,2300,216455.22,55302,-80,-14,-45,13,311,480,277,2300,216455.22,55302,-85,-14,-50,11,311,480,277,2300,216455.22,55302,-77,-14,-41,11,
11/30/23 14:27:30,38.95131865,-95.24973711666667,311,480,277,2300,216455.22,55302,-77,-14,-43,14,
11/30/23 14:27:34,38.9513074,-95.24945975,311,480,277,2300,216455.22,55302,-81,-14,-46,12,
11/30/23 14:27:38,38.95129598333333,-95.24923586666667,311,480,277,2300,216455.22,55302,-79,-14,-44,11,
11/30/23 14:27:42,38.95128903333333,-95.24906416666667,311,480,277,2300,216455.22,55302,-81,-14,-47,11,
11/30/23 14:27:47,38.9513056,-95.24910573333334,311,480,277,2300,216455.22,55302,-85,-16,-48,9,
11/30/23 14:27:51,38.951327633333335,-95.24910876666667,311,480,277,2300,216455.22,55302,-73,-13,-37,13,
11/30/23 14:27:55,38.95134595,-95.24907705,311,480,277,2300,216455.22,55302,-81,-15,-45,9,
11/30/23 14:27:59,38.95161136666667,-95.24907576666666,311,480,277,2300,216455.22,55302,-84,-15,-48,0,
11/30/23 14:28:03,38.95179013333333,-95.24907035,311,480,277,2300,216455.22,55302,-87,-15,-52,11,
11/30/23 14:28:07,38.95199358333333,-95.24903196666666,311,480,277,2300,216455.22,55302,-90,-17,-52,9,
11/30/23 14:28:11,38.95220571666667,-95.24899985,311,480,277,2300,216455.22,55302,-84,-15,-49,11,
11/30/23 14:28:15,38.9523763,-95.24896828333334,311,480,277,2300,216455.22,55302,-85,-15,-49,10,
11/30/23 14:28:19,38.95241108333333,-95.24888681666667,311,480,277,2300,216455.22,55302,-86,-15,-49,11,
11/30/23 14:28:24,38.952410283333336,-95.24853408333334,311,480,277,2300,216455.22,55302,-84,-13,-49,12,
11/30/23 14:28:28,38.952429966666664,-95.24853966666667,311,480,277,2300,216455.22,55302,-88,-16,-50,10,
11/30/23 14:28:32,38.95242918333334,-95.24861401666666,311,480,277,2300,216455.22,55302,-89,-17,-50,8,
11/30/23 14:28:36,38.952470266666666,-95.2486864,311,480,388,2300,216840.22,55302,-87,-14,-53,10,311,480,388,2300,216840.22,55302,-86,-13,-53,10,
11/30/23 14:28:44,38.952852566666664,-95.24868935,311,480,388,2300,216840.22,55302,-80,-9,-50,16,
11/30/23 14:28:48,38.953054466666664,-95.2486376,311,480,388,2300,216840.22,55302,-74,-7,-44,18,
11/30/23 14:28:52,38.953139316666665,-95.24861375,311,480,388,2300,216840.22,55302,-76,-8,-46,18,
11/30/23 14:28:56,38.953137283333334,-95.24856878333334,311,480,388,2300,216840.22,55302,-76,-8,-48,12,
11/30/23 14:29:01,38.95322096666666,-95.24872035,311,480,388,2300,216840.22,55302,-82,-10,-50,12,
11/30/23 14:29:05,38.95329546666667,-95.24878141666667,311,480,388,2300,216840.22,55302,-84,-12,-55,11,
11/30/23 14:29:09,38.95331538333333,-95.24916891666666,311,480,388,2300,216840.22,55302,-90,-15,-51,9,
11/30/23 14:29:13,38.95344611666667,-95.24931571666667,311,480,277,2300,216455.22,55302,-90,-16,-54,9,
11/30/23 14:29:17,38.953555466666664,-95.2494927,311,480,277,2300,216455.22,55302,-89,-16,-53,9,
11/30/23 14:29:21,38.95336931666667,-95.24943631666666,311,480,277,2300,216455.22,55302,-90,-16,-53,9,
11/30/23 14:29:25,38.95334736666667,-95.2495076,311,480,277,2300,216455.22,55302,-90,-15,-53,9,311,480,277,2300,216455.22,55302,-88,-15,-52,9,311,480,277,2300,216455.22,55302,-88,-14,-53,11,
11/30/23 14:29:38,38.95340006666667,-95.24966136666667,311,480,388,2300,216840.22,55302,-83,-9,-53,15,
11/30/23 14:29:42,38.9534017,-95.2497606,311,480,388,2300,216840.22,55302,-89,-13,-56,11,
11/30/23 14:29:46,38.953447366666666,-95.24987846666667,311,480,388,2300,216840.22,55302,-89,-13,-54,9,
11/30/23 14:29:50,38.9534422,-95.24998081666666,311,480,277,2300,216455.22,55302,-91,-16,-54,9,
11/30/23 14:29:56,38.9534308,-95.25002296666666,2300,388,-8,-81,-53,2300,277,-17,-91,-63,2300,278,-20,-97,-63,
11/30/23 14:30:00,38.95342241666667,-95.25006125,
11/30/23 14:30:02,38.95343656666667,-95.25006611666667,2300,388,-10,-84,-54,2300,277,-18,-93,-66,2300,278,-20,-97,-66,
11/30/23 14:30:06,38.95341418333334,-95.25005935,311,480,284,2300,216839.32,55302,-87,-11,-56,12,311,480,284,2300,216839.32,55302,-88,-10,-58,13,2300,388,-13,-90,-69,2300,119,-20,-105,-71,2300,277,-20,-98,-69,2300,284,-12,-91,-57,2300,278,-20,-98,-69,
11/30/23 14:33:31,38.95339311666667,-95.25111803333333,311,480,284,2300,216839.32,55302,-93,-15,-58,9,
11/30/23 14:33:35,38.953676116666664,-95.25110851666666,311,480,389,2300,216840.32,55302,-93,-15,-58,8,
11/30/23 14:33:39,38.95406555,-95.25111025,311,480,389,2300,216840.32,55302,-86,-9,-57,14,
11/30/23 14:33:43,38.95447435,-95.25110053333333,311,480,389,2300,216840.32,55302,-87,-10,-58,10,
11/30/23 14:33:47,38.95481376666667,-95.25109881666667,311,480,389,2300,216840.32,55302,-85,-11,-53,10,
11/30/23 14:33:51,38.95501965,-95.25112101666667,311,480,389,2300,216840.32,55302,-87,-11,-55,10,
11/30/23 14:33:55,38.95504973333333,-95.25113963333334,311,480,389,2300,216840.32,55302,-88,-10,-58,10,
11/30/23 14:33:59,38.9551208,-95.25115476666667,311,480,389,2300,216840.32,55302,-76,-7,-48,13,
11/30/23 14:34:03,38.95521238333333,-95.25116325,311,480,389,2300,216840.32,55302,-87,-12,-55,8,
11/30/23 14:34:07,38.955283533333336,-95.25106051666667,311,480,284,2300,216839.32,55302,-85,-12,-53,11,311,480,284,2300,216839.32,55302,-78,-9,-48,16,
11/30/23 14:34:16,38.955302716666665,-95.25042673333333,311,480,284,2300,216839.32,55302,-70,-7,-44,19,
11/30/23 14:34:20,38.95527776666667,-95.25026466666667,311,480,284,2300,216839.32,55302,-71,-8,-39,19,
11/30/23 14:34:24,38.95526938333333,-95.25018126666667,311,480,284,2300,216839.32,55302,-70,-7,-43,20,
11/30/23 14:34:27,38.95528946666667,-95.25016413333333,311,480,284,2300,216839.32,55302,-69,-7,-42,21,
11/30/23 14:34:32,38.95529513333334,-95.25014853333333,311,480,284,2300,216839.32,55302,-70,-6,-43,20,
11/30/23 14:34:36,38.95530255,-95.2501425,311,480,284,2300,216839.32,55302,-70,-6,-44,21,311,480,284,2300,216839.32,55302,-71,-6,-44,20,
11/30/23 14:34:45,38.95530465,-95.25012365,311,480,284,2300,216839.32,55302,-70,-8,-36,22,
11/30/23 14:34:49,38.955300316666666,-95.25002111666667,311,480,284,2300,216839.32,55302,-64,-6,-37,24,
11/30/23 14:34:53,38.95534033333333,-95.2498277,311,480,284,2300,216839.32,55302,-65,-6,-38,21,
11/30/23 14:34:57,38.9553228,-95.24958953333334,311,480,284,2300,216839.32,55302,-73,-6,-52,16,
11/30/23 14:35:01,38.95531995,-95.24928045,311,480,284,2300,216839.32,55302,-82,-8,-52,13,
11/30/23 14:35:05,38.95534321666667,-95.24896538333333,311,480,388,2300,216840.22,55302,-83,-9,-54,14,
11/30/23 14:35:09,38.9553465,-95.2485943,311,480,388,2300,216840.22,55302,-77,-6,-50,17,
11/30/23 14:35:13,38.95532358333333,-95.24822675,311,480,388,2300,216840.22,55302,-80,-9,-50,16,
11/30/23 14:35:17,38.955325716666664,-95.247867,311,480,388,2300,216840.22,55302,-77,-8,-48,16,
11/30/23 14:35:21,38.95529915,-95.24752103333333,311,480,388,2300,216840.22,55302,-80,-10,-50,15,
11/30/23 14:35:25,38.95528856666667,-95.24721248333333,311,480,388,2300,216840.22,55302,-84,-10,-54,14,
11/30/23 14:35:29,38.955286433333335,-95.24688601666666,311,480,388,2300,216840.22,55302,-91,-11,-60,12,
11/30/23 14:35:33,38.95528148333333,-95.24652478333333,311,480,387,2300,216840.12,55302,-86,-9,-56,13,
11/30/23 14:35:38,38.95527885,-95.24605128333333,311,480,387,2300,216840.12,55302,-88,-8,-59,14,
11/30/23 14:35:42,38.9552807,-95.24561211666666,311,480,387,2300,216840.12,55302,-94,-11,-62,11,
11/30/23 14:35:46,38.95527953333333,-95.24517975,311,480,387,2300,216840.12,55302,-95,-16,-54,7,
11/30/23 14:35:51,38.95527665,-95.24469673333333,311,480,277,2300,216455.22,55302,-89,-16,-52,7,
11/30/23 14:35:55,38.955279383333334,-95.24451216666667,311,480,277,2300,216455.22,55302,-85,-15,-49,11,
11/30/23 14:35:59,38.955272433333334,-95.24451473333333,311,480,277,2300,216455.22,55302,-87,-15,-51,11,
11/30/23 14:36:03,38.955288616666664,-95.24438956666667,311,480,277,2300,216455.22,55302,-94,-17,-55,8,
11/30/23 14:36:07,38.95538656666667,-95.24430178333333,311,480,388,2300,216840.22,55302,-82,-10,-50,12,
11/30/23 14:36:11,38.955562183333335,-95.24434833333333,311,480,387,2300,216840.12,55302,-78,-8,-46,17,
11/30/23 14:36:15,38.95578865,-95.2445563,311,480,387,2300,216840.12,55302,-74,-8,-43,13,
11/30/23 14:36:19,38.956053983333334,-95.24482161666667,311,480,387,2300,216840.12,55302,-91,-11,-58,13,
11/30/23 14:36:23,38.95628936666667,-95.2451401,311,480,387,2300,216840.12,55302,-69,-7,-40,20,
11/30/23 14:36:26,38.95644575,-95.24538821666667,311,480,387,2300,216840.12,55302,-71,-8,-43,16,
11/30/23 14:36:31,38.9566675,-95.24572326666667,311,480,387,2300,216840.12,55302,-77,-9,-49,14,
11/30/23 14:36:35,38.9567893,-95.24585791666667,311,480,387,2300,216840.12,55302,-79,-9,-48,14,
11/30/23 14:36:39,38.9568486,-95.24586846666666,311,480,387,2300,216840.12,55302,-81,-9,-52,12,
11/30/23 14:36:43,38.95693505,-95.24589503333333,311,480,387,2300,216840.12,55302,-81,-11,-49,11,
11/30/23 14:36:47,38.9570701,-95.24589223333334,311,480,387,2300,216840.12,55302,-82,-11,-51,11,
11/30/23 14:36:50,38.95710695,-95.24588456666666,311,480,387,2300,216840.12,55302,-82,-12,-50,10,
11/30/23 14:36:54,38.95710618333333,-95.24588255,311,480,387,2300,216840.12,55302,-82,-12,-49,11,
11/30/23 14:37:00,38.9571205,-95.24587818333333,311,480,387,2300,216840.12,55302,-82,-11,-51,11,
11/30/23 14:37:04,38.9571444,-95.24588223333333,311,480,387,2300,216840.12,55302,-83,-11,-51,10,
11/30/23 14:37:08,38.957146683333335,-95.24588155000001,311,480,387,2300,216840.12,55302,-82,-11,-47,10,
11/30/23 14:37:12,38.95714355,-95.24587698333333,311,480,387,2300,216840.12,55302,-82,-11,-51,10,
11/30/23 14:37:16,38.95709703333333,-95.24588371666667,311,480,387,2300,216840.12,55302,-81,-11,-51,11,
11/30/23 14:37:20,38.957068666666665,-95.24590225,311,480,387,2300,216840.12,55302,-81,-10,-51,12,
11/30/23 14:37:24,38.95705866666667,-95.24590641666667,311,480,387,5230,216840.1,55302,-67,-10,-39,15,
11/30/23 14:37:28,38.957087216666665,-95.24589131666667,311,480,387,5230,216840.1,55302,-72,-10,-47,12,
11/30/23 14:37:32,38.95715435,-95.24587021666666,311,480,405,5230,216843.1,55302,-73,-11,-43,11,
11/30/23 14:37:36,38.957284783333336,-95.24585843333334,311,480,405,5230,216843.1,55302,-69,-8,-44,13,
11/30/23 14:37:40,38.957418483333335,-95.245996,311,480,387,5230,216840.1,55302,-72,-6,-48,19,
11/30/23 14:37:44,38.9575091,-95.24628336666666,311,480,387,5230,216840.1,55302,-68,-7,-44,19,
11/30/23 14:37:48,38.9576086,-95.24659118333334,311,480,387,5230,216840.1,55302,-73,-8,-43,15,
11/30/23 14:37:53,38.957738733333336,-95.24690586666667,311,480,387,5230,216840.1,55302,-69,-7,-44,13,
11/30/23 14:37:57,38.95779423333333,-95.24706673333333,311,480,387,5230,216840.1,55302,-72,-6,-46,16,
11/30/23 14:38:01,38.957772033333335,-95.24707733333334,311,480,387,5230,216840.1,55302,-73,-8,-46,17,
11/30/23 14:38:05,38.95774183333333,-95.2470677,311,480,387,5230,216840.1,55302,-71,-7,-45,16,
11/30/23 14:38:09,38.957742483333334,-95.24706405,311,480,387,5230,216840.1,55302,-73,-10,-46,15,
11/30/23 14:38:13,38.95774423333334,-95.2470638,311,480,387,5230,216840.1,55302,-72,-7,-48,17,
11/30/23 14:38:17,38.95774485,-95.24706401666667,311,480,387,5230,216840.1,55302,-73,-8,-44,14,311,480,387,5230,216840.1,55302,-69,-6,-46,15,
11/30/23 14:38:26,38.9578024,-95.24719825,311,480,387,5230,216840.1,55302,-73,-7,-48,16,
11/30/23 14:38:31,38.95791555,-95.24746835,311,480,387,5230,216840.1,55302,-72,-6,-48,20,
11/30/23 14:38:35,38.95801055,-95.24772603333334,311,480,387,5230,216840.1,55302,-72,-9,-45,19,
11/30/23 14:38:39,38.958083216666665,-95.24797596666667,311,480,283,2300,216839.22,55302,-85,-7,-55,15,
11/30/23 14:38:43,38.958197,-95.24825118333334,311,480,283,2300,216839.22,55302,-77,-7,-47,18,
11/30/23 14:38:47,38.95826443333333,-95.24850105,311,480,283,2300,216839.22,55302,-71,-6,-42,19,
11/30/23 14:38:51,38.958342933333334,-95.24865528333333,311,480,283,2300,216839.22,55302,-77,-7,-49,17,311,480,283,2300,216839.22,55302,-84,-7,-60,12,
11/30/23 14:39:00,38.95849973333333,-95.24904633333334,311,480,283,2300,216839.22,55302,-91,-11,-58,12,
11/30/23 14:39:04,38.95859123333334,-95.24930455,311,480,406,2300,216843.22,55302,-84,-7,-57,17,
11/30/23 14:39:09,38.958660333333334,-95.2494599,311,480,406,2300,216843.22,55302,-81,-7,-51,17,
11/30/23 14:39:13,38.95868825,-95.2494626,311,480,406,2300,216843.22,55302,-82,-7,-55,17,
11/30/23 14:39:17,38.958694066666666,-95.24945738333334,311,480,406,2300,216843.22,55302,-83,-7,-58,15,
11/30/23 14:39:21,38.95870468333333,-95.24945578333333,311,480,406,2300,216843.22,55302,-86,-7,-58,14,
11/30/23 14:39:25,38.9587155,-95.24945203333333,311,480,406,2300,216843.22,55302,-85,-7,-57,14,
11/30/23 14:39:29,38.95871663333333,-95.24945296666667,311,480,406,2300,216843.22,55302,-85,-7,-57,14,
11/30/23 14:39:33,38.9587116,-95.24945055,311,480,406,2300,216843.22,55302,-84,-7,-57,16,
11/30/23 14:39:37,38.958732,-95.24951598333334,311,480,406,2300,216843.22,55302,-87,-8,-56,12,
11/30/23 14:39:42,38.95880291666667,-95.24976846666667,311,480,406,2300,216843.22,55302,-87,-9,-58,11,
11/30/23 14:39:46,38.958873,-95.25001195,311,480,406,2300,216843.22,55302,-89,-11,-59,9,
11/30/23 14:39:50,38.95893193333333,-95.25018808333333,311,480,283,2300,216839.22,55302,-80,-7,-51,14,
11/30/23 14:39:54,38.95900025,-95.25040723333333,311,480,283,2300,216839.22,55302,-83,-9,-55,12,
11/30/23 14:39:58,38.95903706666667,-95.25054976666667,311,480,283,2300,216839.22,55302,-78,-7,-50,14,
11/30/23 14:40:02,38.95910738333333,-95.25068991666667,311,480,283,2300,216839.22,55302,-79,-8,-48,14,
11/30/23 14:40:06,38.95919985,-95.25085481666666,311,480,283,2300,216839.22,55302,-80,-7,-53,17,
11/30/23 14:40:10,38.959177333333336,-95.25101866666667,311,480,283,2300,216839.22,55302,-79,-7,-50,16,
11/30/23 14:40:14,38.95906765,-95.25112166666666,311,480,283,2300,216839.22,55302,-75,-8,-42,21,
11/30/23 14:40:18,38.95897325,-95.25117871666667,311,480,283,2300,216839.22,55302,-71,-6,-42,21,
11/30/23 14:40:22,38.95894276666667,-95.25140416666666,311,480,283,2300,216839.22,55302,-82,-8,-52,10,
11/30/23 14:40:26,38.958937133333336,-95.25173911666667,311,480,283,2300,216839.22,55302,-87,-9,-58,14,
11/30/23 14:40:30,38.95895983333333,-95.25192358333334,311,480,283,2300,216839.22,55302,-94,-13,-60,11,
11/30/23 14:40:34,38.958917766666666,-95.25204106666666,311,480,283,2300,216839.22,55302,-88,-10,-58,13,311,480,282,2300,216839.12,55302,-76,-7,-50,19,311,480,282,2300,216839.12,55302,-88,-11,-56,12,
11/30/23 14:40:47,38.957994066666664,-95.2521859,311,480,282,2300,216839.12,55302,-86,-11,-55,11,
11/30/23 14:40:51,38.95761246666667,-95.25213091666667,311,480,282,2300,216839.12,55302,-91,-16,-55,8,
11/30/23 14:40:55,38.9574159,-95.25213651666667,311,480,284,2300,216839.32,55302,-88,-11,-57,12,
11/30/23 14:40:59,38.9573062,-95.252205,311,480,284,2300,216839.32,55302,-92,-14,-56,7,
11/30/23 14:41:03,38.95718455,-95.25226953333333,311,480,389,2300,216840.32,55302,-80,-7,-45,18,
11/30/23 14:41:07,38.9571225,-95.25252455,311,480,389,2300,216840.32,55302,-85,-8,-61,13,
11/30/23 14:41:11,38.9571319,-95.25286605,311,480,389,2300,216840.32,55302,-89,-9,-58,14,
11/30/23 14:41:15,38.95715631666667,-95.25306918333334,311,480,389,2300,216840.32,55302,-88,-10,-60,13,
11/30/23 14:41:19,38.95715641666666,-95.25319593333333,311,480,389,2300,216840.32,55302,-92,-11,-59,10,
11/30/23 14:41:23,38.957165933333336,-95.25342303333333,311,480,282,2300,216839.12,55302,-88,-9,-61,14,
11/30/23 14:41:27,38.95719356666667,-95.25365088333334,311,480,282,2300,216839.12,55302,-93,-11,-60,11,
11/30/23 14:41:31,38.95718505,-95.25371628333333,311,480,282,2300,216839.12,55302,-91,-8,-62,13,
11/30/23 14:41:36,38.95717995,-95.25371983333334,311,480,282,2300,216839.12,55302,-91,-9,-59,12,
11/30/23 14:41:40,38.95718016666667,-95.2537186,311,480,282,2300,216839.12,55302,-91,-10,-59,14,
11/30/23 14:41:44,38.9571801,-95.25371965,311,480,282,2300,216839.12,55302,-92,-11,-61,12,
11/30/23 14:41:49,38.95717938333333,-95.25372093333333,311,480,282,2300,216839.12,55302,-87,-8,-58,16,
11/30/23 14:41:53,38.957179716666666,-95.25382548333333,311,480,282,2300,216839.12,55302,-100,-15,-65,9,
11/30/23 14:41:57,38.95715068333333,-95.2540635,311,480,331,2300,216252.22,55302,-99,-17,-62,0,
11/30/23 14:42:01,38.95714256666667,-95.25425198333333,311,480,282,2300,216839.12,55302,-99,-14,-66,9,
11/30/23 14:42:05,38.957137349999996,-95.25427885,311,480,282,2300,216839.12,55302,-99,-13,-64,8,
11/30/23 14:42:09,38.957127633333336,-95.25428256666666,311,480,282,2300,216839.12,55302,-95,-13,-62,10,
11/30/23 14:42:13,38.9571327,-95.25438851666667,311,480,282,2300,216839.12,55302,-100,-15,-61,7,
11/30/23 14:42:17,38.95711885,-95.25457346666667,311,480,331,2300,216252.22,55302,-97,-16,-61,12,
11/30/23 14:42:21,38.9570467,-95.25469636666666,311,480,331,2300,216252.22,55302,-96,-16,-59,10,
11/30/23 14:42:25,38.95683138333333,-95.2547146,311,480,282,2300,216839.12,55302,-94,-14,-60,10,
11/30/23 14:42:29,38.95652848333334,-95.2547126,311,480,282,2300,216839.12,55302,-95,-12,-63,11,
11/30/23 14:42:34,38.95620723333333,-95.25471965,311,480,282,2300,216839.12,55302,-95,-12,-61,10,
11/30/23 14:42:38,38.95615195,-95.25471858333333,311,480,282,2300,216839.12,55302,-94,-13,-61,10,
11/30/23 14:42:42,38.95613815,-95.2547135,311,480,282,2300,216839.12,55302,-92,-10,-61,12,
11/30/23 14:42:47,38.955991833333336,-95.25469995,311,480,282,2300,216839.12,55302,-91,-11,-60,10,
11/30/23 14:42:51,38.95589376666667,-95.25461065,311,480,389,2300,216840.32,55302,-92,-10,-59,10,
11/30/23 14:42:55,38.9558824,-95.25435575,311,480,389,2300,216840.32,55302,-88,-8,-59,14,
11/30/23 14:42:59,38.955903733333336,-95.25404543333333,311,480,389,2300,216840.32,55302,-78,-6,-45,21,
11/30/23 14:43:03,38.95592935,-95.25367826666667,311,480,389,2300,216840.32,55302,-83,-7,-56,17,
11/30/23 14:43:07,38.95594268333333,-95.25327496666667,311,480,389,2300,216840.32,55302,-82,-7,-50,20,
11/30/23 14:43:11,38.955954266666666,-95.25293566666667,311,480,389,2300,216840.32,55302,-80,-7,-50,20,
11/30/23 14:43:15,38.955960266666665,-95.25260238333334,311,480,389,2300,216840.32,55302,-70,-6,-44,23,
11/30/23 14:43:19,38.95596606666667,-95.25243733333333,311,480,389,2300,216840.32,55302,-68,-8,-36,21,
11/30/23 14:43:23,38.955958833333334,-95.25237833333334,311,480,389,2300,216840.32,55302,-78,-6,-57,16,
11/30/23 14:43:27,38.95593735,-95.25221448333333,311,480,389,2300,216840.32,55302,-78,-7,-51,16,
11/30/23 14:43:31,38.95578185,-95.2520455,311,480,389,2300,216840.32,55302,-69,-6,-41,20,
11/30/23 14:43:35,38.955537183333334,-95.25184326666667,311,480,389,2300,216840.32,55302,-73,-7,-42,19,
11/30/23 14:43:39,38.95539278333333,-95.25163255,311,480,389,2300,216840.32,55302,-74,-6,-48,17,
11/30/23 14:43:43,38.95535246666667,-95.2516004,311,480,389,2300,216840.32,55302,-69,-6,-44,18,
11/30/23 14:43:47,38.955315,-95.25153646666666,311,480,389,2300,216840.32,55302,-76,-8,-47,14,
11/30/23 14:43:51,38.95512395,-95.25139748333334,311,480,389,2300,216840.32,55302,-79,-7,-49,15,
11/30/23 14:43:56,38.954634666666664,-95.25132348333334,311,480,389,2300,216840.32,55302,-91,-12,-59,9,
11/30/23 14:44:00,38.95414948333333,-95.25132653333333,311,480,389,2300,216840.32,55302,-90,-12,-56,10,
11/30/23 14:44:04,38.95373731666667,-95.25132548333333,311,480,278,2300,216455.32,55302,-97,-19,-57,7,
11/30/23 14:44:08,38.953524466666664,-95.2513187,311,480,278,2300,216455.32,55302,-99,-18,-60,8,
11/30/23 14:44:12,38.95349435,-95.25132876666666,311,480,388,2300,216840.22,55302,-89,-11,-56,12,
11/30/23 14:44:16,38.953413766666664,-95.25131291666666,311,480,388,2300,216840.22,55302,-83,-10,-53,13,
11/30/23 14:44:20,38.95315323333333,-95.25131696666666,311,480,388,2300,216840.22,55302,-91,-15,-56,8,
11/30/23 14:44:24,38.9527856,-95.25130833333333,311,480,363,2300,216841.12,55302,-101,-20,-52,2,
11/30/23 14:44:28,38.952396783333334,-95.2513223,311,480,278,2300,216455.32,55302,-83,-14,-48,13,
11/30/23 14:44:32,38.95199765,-95.25133701666667,311,480,278,2300,216455.32,55302,-80,-14,-45,16,
11/30/23 14:44:36,38.951687666666665,-95.25134385,311,480,278,2300,216455.32,55302,-75,-13,-42,17,
11/30/23 14:44:40,38.951544033333334,-95.251336,311,480,278,2300,216455.32,55302,-77,-12,-44,20,
11/30/23 14:44:44,38.95142315,-95.25143645,311,480,278,2300,216455.32,55302,-77,-11,-43,16,
11/30/23 14:44:48,38.95142718333334,-95.251746,311,480,278,2300,216455.32,55302,-77,-14,-42,14,
11/30/23 14:44:52,38.951493666666664,-95.2521622,311,480,278,2300,216455.32,55302,-75,-9,-47,17,311,480,278,2300,216455.32,55302,-74,-10,-42,22,311,480,278,2300,216455.32,55302,-71,-12,-40,23,
11/30/23 14:45:05,38.951545083333336,-95.25295373333333,311,480,278,2300,216455.32,55302,-70,-12,-38,21,
11/30/23 14:45:09,38.951538183333334,-95.25294688333334,311,480,278,2300,216455.32,55302,-69,-10,-39,22,
11/30/23 14:45:13,38.95153883333333,-95.25293865,311,480,278,2300,216455.32,55302,-75,-10,-46,19,
11/30/23 14:45:17,38.9515316,-95.2530429,311,480,278,2300,216455.32,55302,-76,-10,-45,19,
11/30/23 14:45:21,38.951504066666665,-95.25331213333334,311,480,278,2300,216455.32,55302,-79,-11,-46,19,
11/30/23 14:45:25,38.95144475,-95.25366866666667,311,480,278,2300,216455.32,55302,-92,-12,-60,13,
11/30/23 14:45:29,38.95141168333333,-95.25412926666667,311,480,278,2300,216455.32,55302,-89,-14,-55,9,
11/30/23 14:45:33,38.951428416666666,-95.25464523333333,311,480,278,2300,216455.32,55302,-86,-17,-49,9,
11/30/23 14:45:37,38.95143568333334,-95.25503061666667,311,480,278,2300,216455.32,55302,-82,-13,-49,14,
11/30/23 14:45:41,38.9514652,-95.25522658333334,311,480,278,2300,216455.32,55302,-80,-14,-45,13,
11/30/23 14:45:45,38.95151025,-95.25537143333334,
11/30/23 14:45:47,38.95156981666667,-95.25544454999999,311,480,278,2300,216455.32,55302,-80,-14,-46,14,
11/30/23 14:45:50,38.95165681666667,-95.25555153333333,311,480,331,2300,216252.22,55302,-79,-14,-44,14,
11/30/23 14:45:54,38.95168963333333,-95.25575891666666,311,480,331,2300,216252.22,55302,-88,-19,-49,7,
11/30/23 14:45:58,38.9516787,-95.25598115,311,480,278,2300,216455.32,55302,-78,-10,-46,15,
11/30/23 14:46:02,38.9517353,-95.25623058333333,311,480,278,2300,216455.32,55302,-75,-10,-45,17,
11/30/23 14:46:06,38.95176463333333,-95.2563297,311,480,278,2300,216455.32,55302,-75,-9,-45,18,
11/30/23 14:46:10,38.95176791666667,-95.2563468,311,480,278,2300,216455.32,55302,-75,-9,-44,17,
11/30/23 14:46:14,38.95177515,-95.25635655,311,480,278,2300,216455.32,55302,-74,-10,-42,19,
11/30/23 14:46:18,38.95178156666667,-95.25638505,311,480,278,2300,216455.32,55302,-76,-12,-45,17,
11/30/23 14:46:22,38.951840833333335,-95.25656188333333,311,480,278,2300,216455.32,55302,-86,-17,-48,10,
11/30/23 14:46:26,38.95196408333334,-95.25686291666666,311,480,278,2300,216455.32,55302,-80,-16,-44,12,
11/30/23 14:46:30,38.95215955,-95.2572182,311,480,260,2300,216090.32,55302,-82,-11,-51,11,
11/30/23 14:46:34,38.95239266666667,-95.25756366666667,311,480,260,2300,216090.32,55302,-79,-16,-43,8,
11/30/23 14:46:38,38.95268478333333,-95.2578094,311,480,260,2300,216090.32,55302,-79,-16,-43,7,
11/30/23 14:46:42,38.95303485,-95.25794005,311,480,260,2300,216090.32,55302,-82,-16,-45,10,311,480,260,2300,216090.32,55302,-84,-19,-44,9,
11/30/23 14:46:51,38.95364191666667,-95.25795913333333,311,480,260,2300,216090.32,55302,-86,-16,-47,10,
11/30/23 14:46:55,38.95365661666666,-95.2579719,311,480,214,2300,216844.22,55302,-81,-14,-46,7,
11/30/23 14:46:59,38.953750666666664,-95.25796658333333,311,480,214,2300,216844.22,55302,-79,-10,-47,11,
11/30/23 14:47:03,38.9539017,-95.25804581666667,311,480,214,2300,216844.22,55302,-71,-7,-43,16,
11/30/23 14:47:07,38.95392088333333,-95.25835301666666,311,480,214,2300,216844.22,55302,-63,-7,-35,19,
11/30/23 14:47:12,38.953696066666666,-95.25870503333333,311,480,214,2300,216844.22,55302,-69,-7,-42,18,
11/30/23 14:47:16,38.95357838333334,-95.25892578333334,311,480,214,2300,216844.22,55302,-75,-7,-47,14,
11/30/23 14:47:20,38.95357318333333,-95.25911701666666,311,480,214,2300,216844.22,55302,-77,-7,-49,15,
11/30/23 14:47:24,38.95356345,-95.25922735,311,480,214,2300,216844.22,55302,-77,-7,-49,16,
11/30/23 14:47:28,38.953552216666665,-95.25923426666667,311,480,214,2300,216844.22,55302,-77,-8,-49,14,
11/30/23 14:47:32,38.95355036666667,-95.25923113333333,311,480,214,2300,216844.22,55302,-77,-7,-46,15,
11/30/23 14:47:36,38.95355348333333,-95.2592283,311,480,214,2300,216844.22,55302,-76,-7,-49,15,
11/30/23 14:47:40,38.95355365,-95.25922855,311,480,214,2300,216844.22,55302,-82,-8,-51,13,
11/30/23 14:47:44,38.953566083333335,-95.25927255,311,480,214,2300,216844.22,55302,-82,-7,-52,13,
11/30/23 14:47:48,38.95360791666667,-95.25940178333333,311,480,214,2300,216844.22,55302,-73,-7,-47,17,
11/30/23 14:47:52,38.95367481666667,-95.25967035,311,480,214,2300,216844.22,55302,-84,-13,-52,10,
11/30/23 14:47:57,38.95370246666667,-95.26016528333334,311,480,332,2300,216252.32,55302,-82,-15,-46,11,
11/30/23 14:48:01,38.95369505,-95.2605684,311,480,280,2300,216247.22,55302,-79,-11,-46,9,
11/30/23 14:48:05,38.95369745,-95.26101213333334,311,480,364,5230,216841.2,55302,-76,-14,-46,8,
11/30/23 14:48:10,38.95370526666667,-95.26163806666666,311,480,214,5230,216844.2,55302,-78,-19,-41,5,
11/30/23 14:48:14,38.95369475,-95.26210455,311,480,280,5230,216247.2,55302,-68,-11,-40,12,
11/30/23 14:48:18,38.953641866666665,-95.26241841666666,311,480,332,2300,216252.32,55302,-86,-18,-48,9,
11/30/23 14:48:22,38.953627966666666,-95.26251316666666,311,480,280,2300,216247.22,55302,-82,-12,-47,10,
11/30/23 14:48:26,38.95363125,-95.26258361666666,311,480,332,2300,216252.32,55302,-88,-19,-47,9,
11/30/23 14:48:30,38.9535806,-95.26278265,311,480,364,2300,216841.22,55302,-78,-8,-49,14,
11/30/23 14:48:34,38.95340965,-95.26293376666666,311,480,364,2300,216841.22,55302,-81,-8,-53,12,
11/30/23 14:48:38,38.95314161666667,-95.26294651666667,311,480,364,2300,216841.22,55302,-87,-12,-54,9,
11/30/23 14:48:42,38.952959166666666,-95.26293813333334,311,480,364,2300,216841.22,55302,-90,-13,-57,8,
11/30/23 14:48:46,38.95294583333333,-95.26293106666667,311,480,364,2300,216841.22,55302,-89,-11,-56,10,
11/30/23 14:48:52,38.9529314,-95.26292383333333,311,480,364,2300,216841.22,55302,-88,-14,-54,8,
11/30/23 14:48:56,38.9527995,-95.2629003,311,480,364,2300,216841.22,55302,-85,-12,-52,11,
11/30/23 14:49:00,38.95260905,-95.26287055,311,480,364,2300,216841.22,55302,-83,-11,-51,12,
11/30/23 14:49:04,38.9524365,-95.2628186,311,480,364,2300,216841.22,55302,-81,-9,-53,12,
11/30/23 14:49:08,38.95240515,-95.26279546666666,311,480,364,2300,216841.22,55302,-82,-10,-53,8,
11/30/23 14:49:12,38.9523997,-95.26281101666666,311,480,364,2300,216841.22,55302,-77,-8,-48,14,
11/30/23 14:49:17,38.95237051666667,-95.26285383333334,311,480,364,2300,216841.22,55302,-80,-11,-49,8,
11/30/23 14:49:21,38.95233543333333,-95.26289528333334,311,480,364,2300,216841.22,55302,-78,-8,-50,14,
11/30/23 14:49:25,38.952312,-95.26296676666666,311,480,364,2300,216841.22,55302,-80,-8,-51,14,
11/30/23 14:49:29,38.9523024,-95.26302446666666,311,480,364,2300,216841.22,55302,-80,-8,-49,13,
11/30/23 14:49:33,38.95230516666667,-95.2630784,311,480,364,2300,216841.22,55302,-79,-8,-51,13,
11/30/23 14:49:38,38.952302016666664,-95.26313613333333,311,480,364,2300,216841.22,55302,-81,-11,-48,10,
11/30/23 14:49:42,38.952301516666665,-95.26317016666667,311,480,364,2300,216841.22,55302,-78,-9,-46,13,
11/30/23 14:49:46,38.9522939,-95.26321531666666,311,480,364,2300,216841.22,55302,-78,-7,-47,14,
11/30/23 14:49:50,38.95228341666667,-95.26325936666667,311,480,364,2300,216841.22,55302,-77,-7,-50,15,
11/30/23 14:49:54,38.952273616666666,-95.26329696666667,311,480,364,2300,216841.22,55302,-77,-7,-50,13,
11/30/23 14:49:58,38.952252533333336,-95.26336455,311,480,364,2300,216841.22,55302,-77,-6,-50,18,
11/30/23 14:50:02,38.952230183333334,-95.26343451666666,311,480,364,2300,216841.22,55302,-77,-6,-51,19,
11/30/23 14:50:06,38.952197033333334,-95.26350301666666,311,480,364,2300,216841.22,55302,-79,-6,-54,16,
11/30/23 14:50:10,38.95215746666667,-95.26357563333333,311,480,364,2300,216841.22,55302,-79,-6,-54,17,
11/30/23 14:50:14,38.9521187,-95.26364453333333,311,480,364,2300,216841.22,55302,-80,-6,-55,17,
11/30/23 14:50:18,38.9520848,-95.26371236666667,311,480,364,2300,216841.22,55302,-77,-6,-50,19,
11/30/23 14:50:22,38.95206535,-95.26378576666667,311,480,364,2300,216841.22,55302,-77,-6,-48,19,
11/30/23 14:50:26,38.95204725,-95.26386108333334,311,480,364,2300,216841.22,55302,-80,-7,-55,17,
11/30/23 14:50:31,38.952037,-95.2639392,311,480,364,2300,216841.22,55302,-79,-6,-53,18,
11/30/23 14:50:35,38.95205216666667,-95.26398695,311,480,364,2300,216841.22,55302,-78,-5,-48,21,
11/30/23 14:50:38,38.95206085,-95.26400096666667,311,480,364,2300,216841.22,55302,-76,-6,-47,22,
11/30/23 14:50:43,38.95205823333333,-95.2639794,311,480,364,2300,216841.22,55302,-78,-6,-51,20,2300,364,-6,-84,-59,2300,384,-20,-108,-69,
11/30/23 14:50:55,38.952095166666666,-95.2640228,2300,364,-8,-96,-69,2300,332,-19,-107,-79,2300,280,-15,-103,-79,