Date Time,latitude,longitude,MCC,MNC,PCI,EARFCN,CellID,LAC,RSRP,RSRQ,RSSI,SINR,NB1_EARFCN,NB1_PCI,NB1_RSRQ,NB1_RSRP,NB1_RSSI,NB2_EARFCN,NB2_PCI,NB2_RSRQ,NB2_RSRP,NB2_RSSI,NB3_EARFCN,NB3_PCI,NB3_RSRQ,NB3_RSRP,NB3_RSSI,NB4_EARFCN,NB4_PCI,NB4_RSRQ,NB4_RSRP,NB4_RSSI,NB5_EARFCN,NB5_PCI,NB5_RSRQ,NB5_RSRP,NB5_RSSI,NB6_EARFCN,NB6_PCI,NB6_RSRQ,NB6_RSRP,NB6_RSSI,NB7_EARFCN,NB7_PCI,NB7_RSRQ,NB7_RSRP,NB7_RSSI,NB8_EARFCN,NB8_PCI,NB8_RSRQ,NB8_RSRP,NB8_RSSI,NB9_EARFCN,NB9_PCI,NB9_RSRQ,NB9_RSRP,NB9_RSSI,NB10_EARFCN,NB10_PCI,NB10_RSRQ,NB10_RSRP,NB10_RSSI38.915796883333336,-95.31793663333333,
2024/May/22 14:59:48,311,480,203,2300,216253.32,55302,-102,-15,-65,10,2300,203,-15,-101,-65,2300,110,-15,-103,-79,2300,332,-19,-109,-79,38.91582388333333,-95.31790478333333,
2024/May/22 14:59:51,311,480,203,2300,216253.32,55302,-103,-19,-64,8,5230,386,-19,-100,-64,38.9158337,-95.31781485,
2024/May/22 14:59:57,311,480,386,5230,216150.3,55302,-96,-15,-64,9,5230,386,-17,-98,-64,5230,330,-13,-97,-76,5230,110,-15,-99,-76,38.915833916666664,-95.3177686,
2024/May/22 15:00:00,311,480,203,2300,216253.32,55302,-103,-15,-67,10,2300,203,-15,-103,-67,2300,332,-15,-103,-79,2300,110,-18,-105,-79,38.91584673333333,-95.31773118333334,
2024/May/22 15:00:03,311,480,203,2300,216253.32,55302,-106,-20,-65,6,2300,203,-20,-106,-65,2300,386,-10,-98,-79,2300,332,-15,-103,-79,2300,110,-15,-103,-79,38.9158641,-95.3177031,
2024/May/22 15:00:06,311,480,332,2300,220252.32,55302,-105,-17,-68,9,2300,332,-17,-105,-68,2300,203,-16,-105,-81,2300,386,-17,-106,-80,38.91588373333333,-95.31770341666666,
2024/May/22 15:00:09,311,480,203,2300,216253.32,55302,-103,-16,-66,0,2300,203,-16,-103,-66,2300,332,-20,-108,-65,2300,386,-16,-104,-80,2300,202,-17,-105,-80,2300,281,-20,-108,-80,38.91589188333333,-95.31768973333334,
2024/May/22 15:00:12,311,480,203,2300,216253.32,55302,-113,-18,-74,9,2300,203,-18,-113,-74,2300,386,-11,-107,-88,38.9158893,-95.31768845,
2024/May/22 15:00:15,311,480,203,2300,216253.32,55302,-109,-17,-72,8,2300,203,-17,-109,-72,2300,386,-16,-111,-87,38.915888333333335,-95.31768881666666,
2024/May/22 15:00:18,311,480,203,2300,216253.32,55302,-109,-16,-73,9,2300,203,-14,-110,-76,2300,386,-12,-108,-88,38.915886,-95.31769168333334,
2024/May/22 15:00:23,311,480,203,2300,216253.32,55302,-109,-15,-74,9,2300,203,-15,-109,-74,2300,386,-13,-108,-86,38.91588545,-95.31769176666667,
2024/May/22 15:00:26,311,480,203,2300,216253.32,55302,-109,-16,-72,8,2300,203,-16,-109,-72,2300,386,-13,-107,-86,2300,202,-16,-110,-86,38.91588555,-95.31769226666667,
2024/May/22 15:00:29,311,480,203,2300,216253.32,55302,-107,-15,-71,9,2300,203,-15,-107,-71,2300,386,-17,-109,-84,2300,202,-16,-108,-84,38.915885583333335,-95.31769223333333,
2024/May/22 15:00:33,311,480,203,2300,216253.32,55302,-107,-17,-70,8,2300,203,-17,-107,-70,2300,386,-14,-106,-84,2300,202,-14,-106,-84,38.91588588333333,-95.31769161666666,
2024/May/22 15:00:36,311,480,203,2300,216253.32,55302,-108,-18,-70,8,2300,203,-18,-108,-70,2300,386,-14,-106,-84,2300,202,-16,-108,-84,38.91588578333333,-95.31769446666667,
2024/May/22 15:00:39,311,480,203,2300,216253.32,55302,-110,-18,-71,9,2300,203,-18,-110,-71,2300,386,-15,-109,-85,2300,202,-16,-110,-85,38.91588411666667,-95.31769685,
2024/May/22 15:00:42,311,480,203,2300,216253.32,55302,-111,-16,-74,8,2300,203,-16,-111,-74,2300,202,-18,-113,-87,2300,386,-13,-107,-86,38.915884483333336,-95.31769881666666,
2024/May/22 15:00:45,311,480,203,2300,216253.32,55302,-110,-18,-72,8,2300,203,-18,-110,-72,2300,386,-15,-108,-85,2300,202,-16,-110,-85,38.915884616666666,-95.3176991,
2024/May/22 15:00:48,311,480,203,2300,216253.32,55302,-110,-17,-73,8,2300,203,-17,-110,-73,2300,386,-12,-107,-87,2300,202,-15,-113,-87,38.9158847,-95.31769955,
2024/May/22 15:00:51,311,480,203,2300,216253.32,55302,-111,-17,-74,8,2300,203,-17,-111,-74,2300,386,-11,-107,-87,2300,202,-17,-113,-87,38.91588481666667,-95.3177001,
2024/May/22 15:00:54,311,480,203,2300,216253.32,55302,-112,-18,-73,8,2300,203,-18,-112,-73,2300,386,-16,-109,-85,2300,202,-18,-112,-86,38.915884883333334,-95.31770036666667,
2024/May/22 15:00:57,311,480,203,2300,216253.32,55302,-111,-17,-73,7,2300,203,-17,-111,-73,2300,386,-14,-108,-86,2300,202,-15,-109,-86,38.9158849,-95.3177005,
2024/May/22 15:01:00,311,480,203,2300,216253.32,55302,-110,-15,-74,8,2300,203,-15,-110,-74,2300,386,-12,-107,-87,2300,202,-15,-111,-87,38.91588495,-95.31770061666667,
2024/May/22 15:01:03,311,480,203,2300,216253.32,55302,-109,-15,-74,8,2300,203,-15,-109,-74,2300,386,-11,-107,-88,2300,202,-15,-111,-88,38.91588495,-95.31770068333333,
2024/May/22 15:01:06,311,480,203,2300,216253.32,55302,-110,-16,-73,8,2300,203,-16,-110,-73,2300,386,-13,-108,-86,2300,202,-16,-111,-86,38.91588495,-95.31770071666666,
2024/May/22 15:01:09,311,480,203,2300,216253.32,55302,-110,-16,-73,8,2300,203,-16,-110,-73,2300,386,-12,-109,-88,2300,202,-16,-114,-88,38.91588495,-95.31770075,
2024/May/22 15:01:12,311,480,203,2300,216253.32,55302,-110,-17,-72,8,2300,203,-17,-110,-72,2300,386,-15,-108,-85,38.91588496666667,-95.31770075,
2024/May/22 15:01:15,311,480,203,2300,216253.32,55302,-110,-17,-69,8,2300,203,-16,-110,-73,2300,386,-14,-108,-86,38.915885,-95.31770088333333,
2024/May/22 15:01:21,311,480,203,2300,216253.32,55302,-109,-15,-74,9,2300,203,-15,-109,-74,2300,386,-13,-108,-87,38.915884983333335,-95.31770095,
2024/May/22 15:01:24,311,480,203,2300,216253.32,55302,-110,-16,-73,8,2300,203,-17,-110,-73,2300,386,-13,-108,-87,38.91588493333333,-95.31770095,
2024/May/22 15:01:27,311,480,203,2300,216253.32,55302,-110,-17,-71,8,2300,203,-17,-110,-71,2300,386,-17,-109,-84,38.91588495,-95.31770095,
2024/May/22 15:01:30,311,480,203,2300,216253.32,55302,-111,-18,-72,8,2300,203,-18,-111,-72,2300,202,-16,-110,-86,2300,386,-16,-110,-85,38.91588496666667,-95.31770098333334,
2024/May/22 15:01:33,311,480,203,2300,216253.32,55302,-111,-18,-73,9,2300,203,-18,-111,-73,2300,386,-15,-109,-86,2300,202,-16,-111,-86,2300,6,-20,-115,-86,38.915884983333335,-95.31770101666666,
2024/May/22 15:01:36,311,480,203,2300,216253.32,55302,-111,-17,-74,7,2300,203,-17,-111,-74,2300,386,-17,-112,-87,2300,202,-18,-113,-87,2300,332,-17,-113,-87,38.91588496666667,-95.31770103333334,
2024/May/22 15:01:39,311,480,203,2300,216253.32,55302,-112,-18,-71,8,2300,203,-16,-111,-74,2300,386,-13,-108,-88,2300,332,-15,-110,-87,2300,202,-15,-111,-88,2300,6,-16,-119,-88,38.915884983333335,-95.31770103333334,
2024/May/22 15:01:44,311,480,386,2300,216150.32,55302,-108,-15,-72,8,2300,386,-14,-108,-73,38.915885,-95.31770106666667,
2024/May/22 15:01:49,311,480,386,2300,216150.32,55302,-108,-14,-73,8,2300,386,-14,-108,-73,38.91588496666667,-95.31770116666667,
2024/May/22 15:01:52,311,480,386,2300,216150.32,55302,-108,-15,-73,8,2300,386,-15,-108,-73,38.91588493333333,-95.31770118333333,
2024/May/22 15:01:56,311,480,386,2300,216150.32,55302,-108,-14,-74,8,2300,386,-15,-108,-73,38.915884883333334,-95.31770116666667,
2024/May/22 15:01:59,311,480,386,2300,216150.32,55302,-108,-15,-72,8,2300,386,-15,-108,-72,2300,203,-14,-109,-86,2300,212,-17,-114,-86,2300,202,-17,-112,-86,38.915884866666666,-95.31770118333333,
2024/May/22 15:02:02,311,480,386,2300,216150.32,55302,-108,-14,-74,8,2300,386,-14,-108,-74,2300,203,-12,-107,-87,2300,332,-15,-111,-88,2300,202,-15,-113,-87,38.91588483333334,-95.31770123333334,
2024/May/22 15:02:05,311,480,386,2300,216150.32,55302,-107,-14,-72,8,2300,386,-16,-108,-71,2300,203,-14,-107,-84,2300,332,-20,-117,-84,2300,202,-16,-109,-84,38.915873516666665,-95.31775695,
2024/May/22 15:02:08,311,480,203,2300,216253.32,55302,-100,-14,-63,10,2300,203,-14,-100,-63,38.91584196666667,-95.31813868333333,
2024/May/22 15:02:11,311,480,203,2300,216253.32,55302,-90,-13,-56,10,2300,203,-13,-90,-56,2300,386,-12,-88,-68,38.9157859,-95.3186056,
2024/May/22 15:02:14,311,480,203,2300,216253.32,55302,-88,-15,-52,9,2300,203,-15,-88,-52,2300,386,-12,-86,-66,38.91594271666666,-95.31899623333334,
2024/May/22 15:02:17,311,480,203,2300,216253.32,55302,-97,-17,-51,7,2300,203,-17,-97,-51,2300,386,-13,-86,-65,38.9163608,-95.31895113333333,
2024/May/22 15:02:20,311,480,203,2300,216253.32,55302,-91,-15,-54,9,2300,203,-15,-91,-54,2300,110,-13,-89,-68,2300,332,-14,-92,-69,2300,104,-14,-93,-68,38.91667171666667,-95.31838918333334,
2024/May/22 15:02:23,311,480,203,2300,216253.32,55302,-91,-13,-55,10,2300,203,-13,-91,-55,2300,104,-15,-99,-69,2300,110,-16,-95,-69,2300,332,-14,-95,-69,38.916860033333336,-95.31780085,
2024/May/22 15:02:26,311,480,203,2300,216253.32,55302,-87,-14,-53,9,2300,203,-14,-87,-53,2300,110,-16,-89,-64,2300,104,-15,-88,-65,2300,332,-15,-93,-64,38.916898833333335,-95.3171856,
2024/May/22 15:02:29,311,480,203,2300,216253.32,55302,-96,-19,-57,6,2300,203,-19,-96,-57,2300,332,-15,-98,-68,2300,110,-16,-101,-68,2300,281,-13,-89,-68,2300,386,-15,-91,-68,38.91678511666667,-95.31660581666667,
2024/May/22 15:02:32,311,480,281,2300,216247.32,55302,-95,-16,-54,7,2300,281,-16,-95,-54,2300,332,-16,-90,-64,2300,386,-15,-88,-64,38.91649173333333,-95.31606365,
2024/May/22 15:02:35,311,480,281,2300,216247.32,55302,-96,-20,-55,5,2300,281,-20,-96,-55,2300,386,-17,-93,-67,38.91604735,-95.3162469,
2024/May/22 15:02:38,311,480,203,2300,216253.32,55302,-93,-18,-54,0,2300,203,-18,-93,-54,2300,202,-19,-93,-66,2300,281,-19,-97,-54,2300,437,-20,-97,-66,2300,386,-19,-93,-66,2300,110,-20,-97,-66,38.916419366666666,-95.31673446666667,
2024/May/22 15:02:41,311,480,281,2300,216247.32,55302,-93,-12,-58,0,2300,281,-20,-98,-56,2300,386,-16,-91,-67,2300,203,-14,-92,-67,38.91669345,-95.31750663333334,
2024/May/22 15:02:46,311,480,281,2300,216247.32,55302,-96,-20,-55,4,2300,203,-15,-92,-54,2300,281,-20,-96,-55,2300,386,-18,-93,-66,2300,437,-16,-96,-66,38.916766,-95.31801421666667,
2024/May/22 15:02:49,311,480,203,2300,216253.32,55302,-98,-17,-56,8,2300,203,-17,-98,-56,2300,386,-17,-95,-69,38.916817583333334,-95.31855055,
2024/May/22 15:02:52,311,480,203,2300,216253.32,55302,-92,-14,-53,10,2300,203,-14,-92,-53,2300,386,-18,-92,-67,38.91683906666667,-95.3191483,
2024/May/22 15:02:55,311,480,203,2300,216253.32,55302,-92,-16,-53,8,2300,203,-16,-92,-53,2300,386,-15,-89,-66,38.91716635,-95.31935623333334,
2024/May/22 15:02:58,311,480,203,2300,216253.32,55302,-91,-16,-54,8,2300,203,-16,-91,-54,2300,386,-13,-89,-67,38.9173445,-95.3187232,
2024/May/22 15:03:01,311,480,203,2300,216253.32,55302,-88,-14,-53,11,2300,203,-14,-88,-53,2300,386,-14,-88,-67,38.91743556666667,-95.31797978333333,
2024/May/22 15:03:04,311,480,203,2300,216253.32,55302,-89,-16,-52,8,2300,203,-16,-89,-52,2300,437,-16,-89,-65,38.91739945,-95.3172379,
2024/May/22 15:03:07,311,480,203,2300,216253.32,55302,-94,-19,-54,6,2300,203,-19,-94,-54,2300,437,-20,-97,-67,38.91725385,-95.31653565,
2024/May/22 15:03:10,311,480,203,2300,216253.32,55302,-93,-19,-53,8,2300,203,-19,-93,-53,2300,437,-20,-93,-64,2300,202,-17,-90,-64,38.91663135,-95.3159563,
2024/May/22 15:03:14,311,480,202,2300,216253.22,55302,-92,-20,-50,7,2300,202,-20,-92,-50,2300,256,-20,-92,-63,2300,110,-18,-91,-63,38.91656733333333,-95.3167994,
2024/May/22 15:03:18,311,480,202,2300,216253.22,55302,-95,-19,-54,8,2300,203,-17,-91,-52,2300,337,-17,-92,-66,2300,110,-17,-91,-66,2300,202,-19,-95,-54,2300,281,-20,-95,-66,2300,386,-19,-93,-65,2300,437,-15,-91,-66,38.9167247,-95.31733456666667,
2024/May/22 15:03:21,311,480,281,2300,216247.32,55302,-95,-16,-56,0,2300,281,-16,-95,-56,2300,203,-15,-94,-54,2300,110,-15,-91,-68,2300,202,-15,-92,-68,2300,437,-17,-94,-68,2300,386,-13,-90,-68,38.91687173333333,-95.31779071666666,
2024/May/22 15:03:24,311,480,203,2300,216253.32,55302,-95,-14,-56,0,2300,203,-14,-95,-56,2300,281,-16,-103,-57,2300,386,-16,-92,-68,38.91687605,-95.31825211666667,
2024/May/22 15:03:27,311,480,203,2300,216253.32,55302,-90,-15,-55,9,2300,203,-15,-90,-55,2300,386,-15,-89,-66,2300,281,-15,-90,-67,38.916760616666664,-95.31897401666667,
2024/May/22 15:03:31,311,480,203,2300,216253.32,55302,-88,-13,-51,10,2300,203,-13,-88,-51,2300,386,-14,-86,-64,2300,281,-12,-85,-64,38.9169928,-95.31936231666667,
2024/May/22 15:03:34,311,480,281,2300,216247.32,55302,-95,-17,-54,6,2300,281,-17,-95,-54,2300,203,-13,-86,-65,38.917292466666666,-95.31892141666667,
2024/May/22 15:03:37,311,480,203,2300,216253.32,55302,-88,-14,-54,9,2300,203,-16,-89,-53,2300,110,-15,-89,-66,38.9172381,-95.31712566666667,
2024/May/22 15:03:43,311,480,203,2300,216253.32,55302,-90,-16,-53,8,2300,203,-16,-90,-53,2300,110,-17,-90,-65,38.916765133333335,-95.31649148333334,
2024/May/22 15:03:46,311,480,203,2300,216253.32,55302,-93,-19,-54,7,2300,203,-15,-87,-52,2300,110,-20,-102,-64,38.91631446666667,-95.31681228333333,
2024/May/22 15:03:49,311,480,203,2300,216253.32,55302,-91,-13,-56,10,2300,203,-13,-91,-56,2300,437,-14,-94,-69,2300,110,-16,-93,-69,2300,386,-14,-91,-69,38.9163972,-95.31754451666667,
2024/May/22 15:03:52,311,480,203,2300,216253.32,55302,-93,-14,-57,10,2300,203,-14,-93,-57,2300,110,-14,-91,-69,2300,386,-13,-91,-69,2300,437,-14,-93,-69,38.91645913333333,-95.31817256666666,
2024/May/22 15:03:55,311,480,203,2300,216253.32,55302,-94,-14,-55,10,2300,203,-14,-91,-55,2300,386,-17,-92,-67,2300,110,-16,-91,-67,2300,437,-15,-92,-66,38.916389433333336,-95.31878268333334,
2024/May/22 15:03:58,311,480,203,2300,216253.32,55302,-82,-13,-48,11,2300,203,-13,-82,-48,2300,386,-13,-81,-60,2300,437,-15,-85,-61,2300,110,-14,-86,-61,38.91646495,-95.31925185,
2024/May/22 15:04:01,311,480,203,2300,216253.32,55302,-90,-18,-51,8,2300,203,-18,-90,-51,2300,437,-16,-88,-64,2300,386,-14,-85,-64,2300,110,-16,-88,-64,38.91681513333333,-95.31898841666667,
2024/May/22 15:04:04,311,480,203,2300,216253.32,55302,-91,-17,-54,8,2300,203,-17,-91,-54,2300,437,-15,-89,-66,2300,386,-13,-87,-66,38.91688636666667,-95.31822948333334,
2024/May/22 15:04:07,311,480,203,2300,216253.32,55302,-92,-16,-55,8,2300,203,-16,-91,-53,2300,437,-14,-90,-66,2300,386,-12,-87,-66,38.916962416666664,-95.31691886666667,
2024/May/22 15:04:12,311,480,203,2300,216253.32,55302,-91,-18,-53,7,2300,203,-18,-91,-53,2300,437,-16,-89,-64,2300,386,-15,-87,-64,38.916888766666666,-95.31622926666667,
2024/May/22 15:04:15,311,480,203,2300,216253.32,55302,-90,-17,-53,8,2300,203,-17,-90,-53,38.91623495,-95.31618593333333,
2024/May/22 15:04:19,311,480,203,2300,216253.32,55302,-88,-17,-51,8,2300,203,-17,-88,-51,2300,281,-14,-90,-65,2300,110,-15,-92,-65,38.91611506666667,-95.31691301666666,
2024/May/22 15:04:22,311,480,203,2300,216253.32,55302,-94,-18,-55,9,2300,203,-18,-94,-55,2300,110,-16,-93,-68,2300,281,-16,-93,-68,38.916218083333334,-95.31763576666667,
2024/May/22 15:04:25,311,480,203,2300,216253.32,55302,-95,-17,-57,9,2300,203,-17,-95,-57,2300,110,-15,-93,-70,2300,281,-17,-99,-70,38.91629761666667,-95.31825738333333,
2024/May/22 15:04:28,311,480,281,2300,216247.32,55302,-96,-19,-56,0,2300,281,-19,-96,-56,2300,110,-18,-95,-68,2300,203,-17,-95,-56,38.916282933333335,-95.31880075,
2024/May/22 15:04:31,311,480,203,2300,216253.32,55302,-88,-18,-50,7,2300,203,-18,-88,-50,2300,437,-14,-91,-64,2300,386,-16,-87,-62,38.916442616666664,-95.31926818333334,
2024/May/22 15:04:34,311,480,203,2300,216253.32,55302,-92,-15,-54,8,2300,203,-18,-93,-55,2300,386,-14,-91,-69,2300,437,-16,-94,-69,38.91693805,-95.31855816666666,
2024/May/22 15:04:39,311,480,203,2300,216253.32,55302,-91,-17,-54,8,2300,203,-17,-91,-54,2300,386,-13,-87,-66,2300,437,-14,-88,-66,38.917025816666666,-95.31777578333333,
2024/May/22 15:04:42,311,480,203,2300,216253.32,55302,-88,-15,-53,10,2300,203,-15,-88,-53,2300,386,-14,-91,-66,2300,281,-16,-97,-66,2300,256,-17,-94,-66,2300,110,-15,-90,-66,38.917000816666665,-95.31695991666666,
2024/May/22 15:04:45,311,480,203,2300,216253.32,55302,-97,-15,-54,10,2300,203,-15,-97,-56,2300,202,-17,-97,-67,2300,332,-16,-91,-68,2300,437,-18,-97,-68,38.91681306666667,-95.31624196666667,
2024/May/22 15:04:48,311,480,203,2300,216253.32,55302,-94,-19,-55,7,2300,203,-19,-93,-54,2300,386,-16,-93,-65,2300,332,-18,-93,-66,2300,281,-17,-91,-66,2300,256,-16,-90,-66,2300,110,-16,-92,-66,38.91631525,-95.31625708333334,
2024/May/22 15:04:51,311,480,203,2300,216253.32,55302,-92,-17,-54,9,2300,203,-17,-92,-54,2300,386,-18,-95,-65,2300,332,-15,-95,-66,2300,202,-14,-89,-66,2300,256,-17,-95,-67,38.91633685,-95.3168806,
2024/May/22 15:04:54,311,480,203,2300,216253.32,55302,-92,-15,-54,10,2300,203,-15,-92,-54,2300,386,-17,-91,-67,2300,110,-18,-93,-66,2300,437,-15,-93,-67,38.91645385,-95.31758481666667,
2024/May/22 15:04:57,311,480,203,2300,216253.32,55302,-94,-14,-55,10,2300,203,-14,-94,-55,2300,110,-16,-92,-67,2300,386,-13,-90,-67,2300,437,-13,-91,-67,38.916485683333335,-95.3182308,
2024/May/22 15:05:00,311,480,203,2300,216253.32,55302,-96,-16,-56,9,2300,203,-16,-96,-56,2300,386,-16,-92,-68,2300,437,-15,-97,-68,2300,110,-17,-93,-68,38.91644845,-95.31883475,
2024/May/22 15:05:03,311,480,203,2300,216253.32,55302,-89,-15,-51,9,2300,203,-18,-94,-53,2300,386,-14,-88,-66,2300,437,-15,-89,-66,38.9168116,-95.31946785,
2024/May/22 15:05:08,311,480,203,2300,216253.32,55302,-91,-15,-53,9,2300,203,-16,-92,-56,2300,386,-16,-92,-68,2300,110,-14,-91,-68,38.91714016666667,-95.31895988333333,
2024/May/22 15:05:11,311,480,203,2300,216253.32,55302,-90,-14,-55,9,2300,203,-14,-90,-55,2300,386,-12,-89,-67,2300,110,-17,-93,-68,38.91735233333333,-95.31821676666667,
2024/May/22 15:05:14,311,480,203,2300,216253.32,55302,-91,-18,-52,8,2300,203,-18,-91,-52,2300,386,-13,-89,-65,2300,110,-13,-87,-65,38.9174043,-95.31714173333333,
2024/May/22 15:05:18,311,480,203,2300,216253.32,55302,-91,-17,-54,8,2300,203,-17,-91,-54,2300,110,-13,-90,-67,2300,386,-14,-89,-67,38.91724358333333,-95.3163787,
2024/May/22 15:05:21,311,480,203,2300,216253.32,55302,-96,-20,-54,6,2300,203,-20,-96,-54,2300,202,-18,-93,-67,38.91672823333333,-95.31612858333334,
2024/May/22 15:05:24,311,480,203,2300,216253.32,55302,-95,-18,-54,8,2300,203,-18,-95,-54,2300,281,-16,-90,-66,2300,386,-18,-93,-67,2300,256,-18,-93,-65,38.91651916666667,-95.31673563333334,
2024/May/22 15:05:27,311,480,203,2300,216253.32,55302,-91,-16,-55,9,2300,203,-16,-92,-55,2300,386,-15,-92,-68,2300,281,-14,-92,-69,2300,256,-17,-96,-69,38.916578933333334,-95.31742268333333,
2024/May/22 15:05:30,311,480,281,2300,216247.32,55302,-96,-17,-56,0,2300,281,-17,-96,-56,2300,386,-16,-91,-67,2300,256,-20,-95,-67,2300,203,-16,-95,-55,38.91660245,-95.31807385,
2024/May/22 15:05:33,311,480,281,2300,216247.32,55302,-97,-20,-53,4,2300,281,-20,-97,-53,2300,203,-13,-86,-64,2300,386,-19,-103,-65,2300,437,-14,-88,-64,38.916534733333336,-95.31875613333334,
2024/May/22 15:05:36,311,480,203,2300,216253.32,55302,-86,-17,-48,0,2300,203,-17,-86,-48,2300,281,-20,-90,-48,2300,437,-17,-86,-61,2300,386,-16,-87,-61,38.91679426666666,-95.31924086666666,
2024/May/22 15:05:39,311,480,203,2300,216253.32,55302,-89,-16,-51,10,2300,203,-16,-89,-51,2300,437,-14,-86,-64,2300,386,-14,-86,-64,38.91716288333333,-95.31882263333334,
2024/May/22 15:05:42,311,480,203,2300,216253.32,55302,-88,-16,-52,9,2300,203,-16,-88,-52,2300,386,-16,-88,-62,2300,437,-16,-89,-62,38.917148483333335,-95.31803256666667,
2024/May/22 15:05:45,311,480,203,2300,216253.32,55302,-87,-14,-53,11,2300,203,-14,-87,-53,2300,437,-16,-90,-66,2300,386,-19,-92,-65,38.91702225,-95.31717216666667,
2024/May/22 15:05:48,311,480,203,2300,216253.32,55302,-91,-15,-55,9,2300,203,-15,-91,-55,2300,437,-19,-94,-67,2300,386,-16,-91,-67,2300,281,-15,-94,-67,2300,332,-20,-99,-67,38.91667768333333,-95.31654193333334,
2024/May/22 15:05:51,311,480,203,2300,216253.32,55302,-92,-19,-52,8,2300,203,-19,-92,-52,2300,386,-15,-92,-66,2300,437,-20,-99,-66,2300,256,-20,-97,-66,38.91628863333333,-95.31678805,
2024/May/22 15:05:54,311,480,203,2300,216253.32,55302,-92,-17,-53,10,2300,203,-17,-92,-54,2300,281,-18,-94,-67,2300,110,-18,-93,-67,2300,386,-17,-92,-67,38.916366266666664,-95.31742613333333,
2024/May/22 15:05:57,311,480,203,2300,216253.32,55302,-92,-16,-55,8,2300,203,-16,-92,-55,2300,386,-14,-91,-69,2300,281,-14,-91,-69,2300,110,-13,-91,-69,38.91645801666667,-95.31802375,
2024/May/22 15:06:00,311,480,281,2300,216247.32,55302,-90,-14,-55,7,2300,281,-14,-91,-56,2300,203,-12,-90,-68,2300,386,-14,-93,-68,38.916371133333335,-95.31934546666666,
2024/May/22 15:06:06,311,480,281,2300,216247.32,55302,-95,-18,-56,6,2300,281,-18,-95,-56,2300,386,-13,-88,-66,2300,203,-13,-91,-66,38.9166881,-95.31944886666666,
2024/May/22 15:06:09,311,480,203,2300,216253.32,55302,-90,-17,-53,0,2300,203,-17,-90,-53,2300,281,-20,-99,-54,2300,386,-14,-92,-66,2300,110,-19,-93,-66,38.91691478333333,-95.31880406666667,
2024/May/22 15:06:12,311,480,203,2300,216253.32,55302,-89,-16,-53,8,2300,203,-15,-89,-54,2300,386,-14,-89,-64,38.9170032,-95.31797608333333,
2024/May/22 15:06:15,311,480,203,2300,216253.32,55302,-90,-15,-54,8,2300,203,-15,-90,-54,2300,386,-11,-89,-68,38.9169913,-95.3171578,
2024/May/22 15:06:18,311,480,203,2300,216253.32,55302,-92,-17,-54,8,2300,203,-17,-92,-54,2300,386,-12,-87,-67,38.91698901666667,-95.31642805,
2024/May/22 15:06:21,311,480,281,2300,216247.32,55302,-90,-14,-56,9,2300,203,-17,-94,-68,2300,386,-19,-95,-68,2300,332,-15,-91,-68,2300,281,-14,-90,-57,38.91682075,-95.31576265,
2024/May/22 15:06:24,311,480,203,2300,216253.32,55302,-91,-18,-52,8,2300,203,-20,-96,-54,38.91612008333333,-95.31555211666667,
2024/May/22 15:06:29,311,480,202,2300,216253.22,55302,-93,-20,-52,0,2300,202,-17,-94,-55,2300,203,-12,-90,-68,2300,386,-16,-92,-68,38.915901483333336,-95.31643296666667,
2024/May/22 15:06:34,311,480,203,2300,216253.32,55302,-92,-15,-56,9,2300,203,-15,-92,-56,2300,202,-14,-94,-71,38.91588741666666,-95.31704285,
2024/May/22 15:06:37,311,480,203,2300,216253.32,55302,-101,-14,-65,9,2300,203,-14,-101,-65,2300,202,-14,-100,-77,38.91587633333333,-95.31779958333334,
2024/May/22 15:06:41,311,480,203,2300,216253.32,55302,-100,-15,-64,10,2300,203,-15,-100,-64,2300,202,-13,-102,-78,38.915880816666665,-95.31822903333334,
2024/May/22 15:06:44,311,480,203,2300,216253.32,55302,-112,-16,-76,8,2300,203,-13,-108,-75,2300,202,-12,-109,-89,38.915894816666665,-95.31850813333334,
2024/May/22 15:06:47,311,480,203,2300,216253.32,55302,-110,-18,-72,8,2300,203,-18,-110,-72,38.91589685,-95.31852783333333,
2024/May/22 15:06:50,311,480,203,2300,216253.32,55302,-108,-15,-73,8,2300,203,-15,-108,-73,38.915890616666665,-95.31849971666666,
2024/May/22 15:06:53,311,480,203,2300,216253.32,55302,-104,-16,-67,14,2300,203,-16,-104,-67,2300,386,-17,-107,-82,38.91587616666666,-95.3184122,
2024/May/22 15:06:56,311,480,203,2300,216253.32,55302,-110,-13,-77,11,2300,203,-13,-110,-77,2300,386,-16,-116,-92,38.91586721666667,-95.3183096,
2024/May/22 15:06:59,311,480,203,2300,216253.32,55302,-116,-16,-79,8,2300,203,-16,-116,-79,2300,386,-12,-114,-93,38.91584028333333,-95.31816696666667,
2024/May/22 15:07:04,311,480,203,2300,216253.32,55302,-111,-16,-75,9,2300,203,-16,-111,-75,2300,386,-13,-111,-90,38.91582165,-95.31809445,
2024/May/22 15:07:07,311,480,203,2300,216253.32,55302,-105,-13,-72,11,2300,203,-15,-110,-75,38.915814166666664,-95.3180432,
2024/May/22 15:07:10,311,480,203,2300,216253.32,55302,-112,-14,-77,10,2300,203,-14,-112,-77,38.91580965,-95.31803698333333,
2024/May/22 15:07:13,311,480,203,2300,216253.32,55302,-110,-15,-75,9,2300,203,-15,-110,-75,38.91580401666667,-95.31803626666667,
2024/May/22 15:07:16,311,480,203,2300,216253.32,55302,-112,-17,-75,8,2300,203,-14,-106,-72,38.915799633333336,-95.31803071666667,
2024/May/22 15:07:19,311,480,203,2300,216253.32,55302,-111,-20,-68,7,2300,203,-20,-111,-68,2300,386,-17,-107,-82,2300,332,-14,-104,-82,2300,110,-19,-110,-82,38.9157733,-95.31800853333333,
2024/May/22 15:07:22,311,480,332,2300,220252.32,55302,-109,-20,-68,7,2300,332,-20,-109,-68,2300,386,-16,-107,-82,2300,203,-12,-103,-82,38.91574885,-95.31798355,
2024/May/22 15:07:25,311,480,203,2300,216253.32,55302,-107,-13,-73,10,2300,203,-13,-104,-70,2300,332,-14,-105,-83,2300,386,-14,-105,-83,38.9157048,-95.31793236666667,
2024/May/22 15:07:30,311,480,203,2300,216253.32,55302,-101,-16,-65,13,2300,203,-16,-101,-65,2300,332,-16,-103,-79,2300,386,-15,-102,-79,38.91567836666667,-95.3178937,
2024/May/22 15:07:33,311,480,203,2300,216253.32,55302,-106,-13,-73,9,2300,203,-13,-106,-73,2300,386,-15,-107,-84,2300,332,-17,-109,-84,38.915669083333334,-95.31788228333333,
2024/May/22 15:07:36,311,480,203,2300,216253.32,55302,-108,-13,-74,11,2300,203,-13,-108,-74,2300,386,-16,-112,-88,2300,332,-16,-115,-88,38.915668733333334,-95.31787966666667,
2024/May/22 15:07:40,311,480,203,2300,216253.32,55302,-106,-16,-70,11,2300,203,-16,-106,-70,2300,386,-15,-107,-83,38.91567128333333,-95.31787508333333,
2024/May/22 15:07:43,311,480,203,2300,216253.32,55302,-108,-13,-74,12,2300,203,-13,-108,-74,2300,386,-16,-110,-86,38.91567143333333,-95.31787506666667,
2024/May/22 15:07:46,311,480,203,2300,216253.32,55302,-104,-15,-69,12,2300,203,-15,-104,-69,2300,386,-13,-106,-85,38.915671683333336,-95.31787575,
2024/May/22 15:07:49,311,480,203,2300,216253.32,55302,-109,-14,-74,10,