Date Time,latitude,longitude,MCC,MNC,PCI,EARFCN,CellID,LAC,RSRP,RSRQ,RSSI,SINR,NB1_EARFCN,NB1_PCI,NB1_RSRQ,NB1_RSRP,NB1_RSSI,NB2_EARFCN,NB2_PCI,NB2_RSRQ,NB2_RSRP,NB2_RSSI,NB3_EARFCN,NB3_PCI,NB3_RSRQ,NB3_RSRP,NB3_RSSI,NB4_EARFCN,NB4_PCI,NB4_RSRQ,NB4_RSRP,NB4_RSSI,NB5_EARFCN,NB5_PCI,NB5_RSRQ,NB5_RSRP,NB5_RSSI,NB6_EARFCN,NB6_PCI,NB6_RSRQ,NB6_RSRP,NB6_RSSI,NB7_EARFCN,NB7_PCI,NB7_RSRQ,NB7_RSRP,NB7_RSSI,NB8_EARFCN,NB8_PCI,NB8_RSRQ,NB8_RSRP,NB8_RSSI,NB9_EARFCN,NB9_PCI,NB9_RSRQ,NB9_RSRP,NB9_RSSI,NB10_EARFCN,NB10_PCI,NB10_RSRQ,NB10_RSRP,NB10_RSSI
01/29/25 15:40:38,38.95220765,-95.26396126666667,311,480,364,2300,216841.22,55302,-108,-11,-77,10,2300,280,-14,-110,-88,2300,364,-11,-108,-77,2300,110,-20,-119,-88,
01/29/25 15:40:39,38.95220765,-95.26396126666667,311,480,364,2300,216841.22,55302,-108,-11,-76,11,2300,280,-14,-110,-88,2300,364,-11,-108,-76,
01/29/25 15:40:40,38.95220763333333,-95.26396126666667,311,480,364,2300,216841.22,55302,-108,-11,-78,11,2300,280,-15,-111,-88,2300,364,-11,-108,-78,
01/29/25 15:40:41,38.95220763333333,-95.26396126666667,311,480,364,2300,216841.22,55302,-108,-11,-76,10,2300,280,-14,-111,-88,2300,364,-11,-108,-76,
01/29/25 15:40:42,38.95220763333333,-95.26396125,311,480,364,2300,216841.22,55302,-108,-11,-78,11,2300,280,-14,-110,-88,2300,364,-11,-108,-78,2300,110,-20,-117,-89,
01/29/25 15:40:43,38.95220763333333,-95.26396125,311,480,364,2300,216841.22,55302,-108,-11,-77,10,2300,280,-14,-110,-88,2300,364,-11,-108,-76,2300,110,-20,-118,-88,
01/29/25 15:40:44,38.95220763333333,-95.26396125,311,480,364,2300,216841.22,55302,-108,-11,-76,10,2300,280,-14,-110,-87,2300,364,-11,-108,-77,2300,110,-20,-118,-87,
01/29/25 15:40:45,38.95220763333333,-95.26396125,311,480,364,2300,216841.22,55302,-108,-11,-76,9,2300,280,-15,-110,-88,2300,364,-11,-108,-76,2300,110,-20,-117,-88,
01/29/25 15:40:46,38.95220763333333,-95.26396125,311,480,364,2300,216841.22,55302,-108,-11,-77,10,2300,110,-20,-117,-89,2300,364,-11,-108,-76,2300,280,-14,-111,-88,
01/29/25 15:40:47,38.95220763333333,-95.26396125,311,480,364,2300,216841.22,55302,-108,-11,-76,9,2300,110,-20,-118,-88,2300,364,-11,-108,-76,2300,280,-15,-111,-88,
01/29/25 15:40:48,38.95220763333333,-95.26396125,311,480,364,2300,216841.22,55302,-108,-11,-78,11,2300,110,-20,-117,-89,2300,364,-11,-108,-78,2300,280,-14,-111,-89,
01/29/25 15:40:50,38.95220763333333,-95.26396125,311,480,364,2300,216841.22,55302,-108,-11,-77,10,2300,110,-20,-117,-89,2300,364,-11,-108,-77,2300,280,-14,-111,-89,
01/29/25 15:40:51,38.95220765,-95.26396125,311,480,364,2300,216841.22,55302,-108,-11,-77,10,2300,110,-20,-118,-89,2300,364,-11,-108,-77,2300,280,-14,-110,-89,
01/29/25 15:40:52,38.95220765,-95.26396125,311,480,364,2300,216841.22,55302,-108,-10,-78,11,2300,110,-20,-118,-89,2300,364,-10,-108,-76,2300,280,-14,-110,-89,
01/29/25 15:40:53,38.95220765,-95.26396125,311,480,364,2300,216841.22,55302,-108,-11,-76,10,2300,110,-20,-119,-88,2300,364,-11,-108,-75,2300,280,-14,-110,-88,
01/29/25 15:40:54,38.95220765,-95.26396125,311,480,364,2300,216841.22,55302,-108,-11,-76,9,2300,110,-20,-119,-88,2300,364,-11,-108,-78,2300,280,-14,-111,-88,
01/29/25 15:40:55,38.95220765,-95.26396125,311,480,364,2300,216841.22,55302,-108,-11,-76,9,2300,110,-20,-119,-88,2300,364,-11,-108,-77,2300,280,-16,-112,-88,
01/29/25 15:40:56,38.95220765,-95.26396125,311,480,364,2300,216841.22,55302,-109,-12,-78,10,2300,110,-18,-115,-89,2300,364,-12,-109,-77,
01/29/25 15:40:57,38.95220765,-95.26396125,311,480,364,2300,216841.22,55302,-109,-11,-78,10,2300,110,-17,-115,-90,2300,364,-11,-109,-78,
01/29/25 15:40:58,38.95220763333333,-95.26396125,311,480,364,2300,216841.22,55302,-109,-11,-76,9,2300,110,-16,-114,-91,2300,364,-11,-109,-78,
01/29/25 15:40:59,38.95220763333333,-95.26396125,311,480,364,2300,216841.22,55302,-109,-11,-78,11,2300,110,-16,-114,-90,2300,364,-11,-109,-76,
01/29/25 15:41:00,38.95220765,-95.26396125,311,480,364,2300,216841.22,55302,-109,-11,-78,11,2300,110,-18,-116,-89,2300,364,-11,-109,-78,2300,280,-16,-114,-89,
01/29/25 15:41:01,38.95220765,-95.26396125,311,480,364,2300,216841.22,55302,-109,-11,-76,10,2300,110,-19,-117,-90,2300,364,-11,-109,-77,2300,280,-15,-113,-89,
01/29/25 15:41:02,38.95220765,-95.26396125,311,480,364,2300,216841.22,55302,-109,-11,-77,10,2300,110,-19,-116,-88,2300,364,-11,-109,-78,2300,280,-15,-112,-88,
01/29/25 15:41:03,38.95220763333333,-95.26396125,311,480,364,2300,216841.22,55302,-109,-12,-78,11,2300,110,-20,-117,-90,2300,364,-12,-109,-78,
01/29/25 15:41:04,38.95220763333333,-95.26396125,311,480,364,2300,216841.22,55302,-109,-11,-78,11,2300,110,-19,-117,-89,2300,364,-11,-109,-77,
01/29/25 15:41:05,38.95220763333333,-95.26396125,311,480,364,2300,216841.22,55302,-109,-11,-76,10,2300,110,-19,-117,-88,2300,364,-11,-109,-78,2300,280,-17,-113,-88,
01/29/25 15:41:06,38.95220763333333,-95.26396125,311,480,364,2300,216841.22,55302,-109,-11,-76,9,2300,110,-18,-116,-90,2300,364,-11,-109,-78,
01/29/25 15:41:07,38.95220763333333,-95.26396125,311,480,364,2300,216841.22,55302,-109,-11,-78,10,2300,110,-18,-116,-91,2300,364,-11,-109,-78,
01/29/25 15:41:08,38.95220763333333,-95.26396125,311,480,364,2300,216841.22,55302,-109,-11,-78,11,2300,110,-18,-116,-89,2300,364,-11,-109,-78,
01/29/25 15:41:09,38.95220763333333,-95.26396125,311,480,364,2300,216841.22,55302,-109,-11,-78,11,2300,110,-18,-116,-89,2300,364,-11,-109,-77,
01/29/25 15:41:10,38.95220763333333,-95.26396125,311,480,364,2300,216841.22,55302,-109,-11,-78,10,2300,110,-19,-116,-89,2300,364,-11,-109,-76,
01/29/25 15:41:11,38.95220763333333,-95.26396123333333,311,480,364,2300,216841.22,55302,-109,-12,-75,10,2300,110,-20,-118,-89,2300,364,-11,-109,-77,
01/29/25 15:41:13,38.95220763333333,-95.26396123333333,311,480,364,2300,216841.22,55302,-109,-12,-76,10,2300,110,-20,-117,-89,2300,364,-12,-109,-77,2300,280,-16,-113,-89,
01/29/25 15:41:14,38.95220763333333,-95.26396123333333,311,480,364,2300,216841.22,55302,-109,-11,-77,10,2300,110,-18,-116,-90,2300,364,-11,-109,-76,2300,280,-15,-113,-90,
01/29/25 15:41:15,38.95220763333333,-95.26396123333333,311,480,364,2300,216841.22,55302,-109,-11,-76,10,2300,280,-14,-112,-91,2300,364,-11,-109,-78,
01/29/25 15:41:16,38.95220763333333,-95.26396121666667,311,480,364,2300,216841.22,55302,-109,-11,-79,10,2300,110,-18,-117,-90,2300,364,-11,-109,-79,
01/29/25 15:41:17,38.95220763333333,-95.26396121666667,311,480,364,2300,216841.22,55302,-109,-11,-76,9,2300,110,-17,-115,-88,2300,364,-11,-109,-78,2300,280,-15,-113,-88,
01/29/25 15:41:18,38.95220763333333,-95.26396121666667,311,480,364,2300,216841.22,55302,-109,-11,-75,10,2300,280,-14,-112,-89,2300,364,-11,-109,-77,
01/29/25 15:41:19,38.95220763333333,-95.26396121666667,311,480,364,2300,216841.22,55302,-108,-11,-77,10,2300,280,-15,-112,-90,2300,364,-11,-109,-77,2300,332,-20,-119,-90,
01/29/25 15:41:20,38.95220763333333,-95.2639612,311,480,364,2300,216841.22,55302,-109,-12,-75,9,2300,364,-12,-108,-76,
01/29/25 15:41:21,38.95220761666667,-95.2639612,311,480,364,2300,216841.22,55302,-109,-12,-76,9,2300,364,-12,-108,-76,2300,280,-15,-111,-88,2300,332,-20,-117,-88,
01/29/25 15:41:22,38.95220761666667,-95.2639612,311,480,364,2300,216841.22,55302,-109,-12,-77,10,2300,364,-12,-109,-77,2300,280,-15,-111,-88,2300,110,-18,-113,-88,
01/29/25 15:41:23,38.95220761666667,-95.2639612,311,480,364,2300,216841.22,55302,-109,-12,-77,10,2300,364,-12,-109,-78,2300,280,-16,-113,-89,2300,110,-18,-115,-89,2300,332,-18,-116,-89,
01/29/25 15:41:25,38.95220761666667,-95.2639612,311,480,364,2300,216841.22,55302,-109,-12,-78,10,2300,364,-12,-109,-78,2300,280,-17,-114,-90,2300,110,-18,-115,-90,
01/29/25 15:41:26,38.95220761666667,-95.2639612,311,480,364,2300,216841.22,55302,-110,-12,-77,8,2300,364,-12,-110,-77,2300,110,-20,-118,-88,2300,332,-20,-121,-88,
01/29/25 15:41:27,38.95220761666667,-95.2639612,311,480,364,2300,216841.22,55302,-111,-12,-78,9,2300,364,-13,-111,-76,2300,110,-17,-115,-88,2300,332,-19,-117,-88,
01/29/25 15:41:28,38.95220761666667,-95.2639612,311,480,364,2300,216841.22,55302,-111,-12,-81,9,2300,364,-12,-111,-78,2300,110,-18,-117,-92,2300,332,-17,-117,-92,
01/29/25 15:41:29,38.95220761666667,-95.2639612,311,480,364,2300,216841.22,55302,-111,-13,-77,9,2300,364,-12,-111,-79,2300,110,-16,-114,-90,2300,280,-15,-112,-90,
01/29/25 15:41:30,38.95220761666667,-95.2639612,311,480,364,2300,216841.22,55302,-111,-12,-80,11,2300,364,-12,-111,-81,2300,110,-15,-115,-93,
01/29/25 15:41:31,38.95220761666667,-95.26396118333334,311,480,364,2300,216841.22,55302,-110,-11,-76,12,2300,364,-11,-110,-76,2300,110,-16,-116,-90,2300,280,-15,-113,-90,
01/29/25 15:41:32,38.95220761666667,-95.26396118333334,311,480,364,2300,216841.22,55302,-108,-11,-75,11,2300,364,-11,-108,-76,2300,280,-15,-113,-90,2300,110,-17,-114,-90,
01/29/25 15:41:33,38.95220761666667,-95.26396118333334,311,480,364,2300,216841.22,55302,-109,-12,-75,11,2300,364,-12,-109,-77,2300,280,-15,-112,-89,2300,110,-18,-115,-89,
01/29/25 15:41:34,38.95220763333333,-95.26396118333334,311,480,364,2300,216841.22,55302,-109,-11,-76,9,2300,364,-11,-110,-79,2300,280,-14,-114,-92,2300,110,-18,-117,-92,
01/29/25 15:41:36,38.95220763333333,-95.26396118333334,311,480,364,2300,216841.22,55302,-111,-12,-79,8,2300,364,-13,-112,-79,2300,280,-14,-114,-91,2300,110,-18,-117,-91,
01/29/25 15:41:37,38.95220763333333,-95.26396118333334,311,480,364,2300,216841.22,55302,-111,-12,-79,10,2300,364,-12,-111,-80,2300,110,-17,-116,-91,
01/29/25 15:41:38,38.95220763333333,-95.26396118333334,311,480,364,2300,216841.22,55302,-110,-11,-78,10,2300,364,-11,-110,-80,2300,332,-14,-114,-91,
01/29/25 15:41:39,38.95220761666667,-95.26396118333334,311,480,364,2300,216841.22,55302,-110,-11,-79,10,2300,364,-11,-110,-79,2300,332,-15,-115,-91,
01/29/25 15:41:40,38.95220763333333,-95.26396118333334,311,480,364,2300,216841.22,55302,-110,-11,-78,10,2300,364,-11,-110,-79,2300,280,-15,-114,-90,
01/29/25 15:41:41,38.95220763333333,-95.26396116666666,311,480,364,2300,216841.22,55302,-110,-11,-77,10,2300,364,-11,-110,-77,2300,280,-14,-112,-90,
01/29/25 15:41:42,38.95220763333333,-95.26396116666666,311,480,364,2300,216841.22,55302,-109,-11,-79,10,2300,364,-11,-109,-79,2300,280,-13,-111,-90,
01/29/25 15:41:43,38.95220763333333,-95.26396116666666,311,480,364,2300,216841.22,55302,-109,-11,-78,9,2300,364,-11,-109,-78,2300,280,-13,-112,-89,
01/29/25 15:41:44,38.95220763333333,-95.26396116666666,311,480,364,2300,216841.22,55302,-109,-11,-78,10,2300,364,-11,-109,-77,2300,280,-14,-111,-90,2300,332,-18,-116,-90,
01/29/25 15:41:45,38.95220763333333,-95.26396116666666,311,480,364,2300,216841.22,55302,-110,-12,-78,10,2300,364,-12,-110,-79,2300,280,-14,-111,-89,
01/29/25 15:41:46,38.95220763333333,-95.26396116666666,311,480,364,2300,216841.22,55302,-109,-11,-79,11,2300,364,-10,-109,-79,2300,280,-14,-112,-89,
01/29/25 15:41:48,38.95220763333333,-95.26396116666666,311,480,364,2300,216841.22,55302,-109,-11,-78,9,2300,364,-11,-110,-78,2300,280,-13,-111,-90,
01/29/25 15:41:49,38.95220763333333,-95.26396115,311,480,364,2300,216841.22,55302,-110,-11,-79,11,2300,364,-11,-109,-77,2300,110,-16,-114,-89,
01/29/25 15:41:50,38.95220763333333,-95.26396115,311,480,364,2300,216841.22,55302,-110,-11,-77,10,2300,364,-11,-109,-79,2300,110,-17,-115,-89,
01/29/25 15:41:51,38.95220763333333,-95.26396115,311,480,364,2300,216841.22,55302,-108,-11,-76,10,2300,364,-11,-108,-77,2300,110,-17,-114,-88,
01/29/25 15:41:52,38.95220763333333,-95.26396115,311,480,364,2300,216841.22,55302,-108,-10,-79,11,2300,364,-10,-108,-78,2300,280,-15,-113,-90,
01/29/25 15:41:53,38.95220763333333,-95.26396115,311,480,364,2300,216841.22,55302,-109,-11,-78,10,2300,364,-11,-109,-78,2300,280,-15,-114,-89,
01/29/25 15:41:54,38.95220763333333,-95.26396115,311,480,364,2300,216841.22,55302,-109,-11,-79,10,2300,364,-11,-110,-79,
01/29/25 15:41:55,38.95220765,-95.26396115,311,480,364,2300,216841.22,55302,-110,-11,-77,9,2300,364,-12,-110,-79,2300,110,-20,-119,-90,
01/29/25 15:41:56,38.95220765,-95.26396113333334,311,480,364,2300,216841.22,55302,-111,-11,-80,9,2300,364,-11,-111,-78,2300,110,-17,-117,-91,2300,280,-14,-115,-90,
01/29/25 15:41:57,38.95220765,-95.26396113333334,311,480,364,2300,216841.22,55302,-112,-12,-80,9,2300,364,-12,-112,-81,2300,110,-14,-114,-91,
01/29/25 15:41:58,38.95220763333333,-95.26396113333334,311,480,364,2300,216841.22,55302,-111,-12,-79,10,2300,364,-12,-111,-78,2300,110,-14,-111,-90,
01/29/25 15:42:00,38.95220763333333,-95.26396113333334,311,480,364,2300,216841.22,55302,-112,-13,-78,9,2300,364,-13,-112,-81,2300,280,-14,-113,-90,2300,110,-18,-117,-90,
01/29/25 15:42:01,38.95220763333333,-95.26396113333334,311,480,364,2300,216841.22,55302,-112,-11,-78,10,2300,364,-12,-112,-78,2300,110,-20,-119,-89,
01/29/25 15:42:02,38.95220761666667,-95.26396113333334,311,480,364,2300,216841.22,55302,-110,-11,-80,12,2300,364,-11,-110,-79,2300,110,-20,-124,-89,
01/29/25 15:42:03,38.95220763333333,-95.26396111666666,311,480,364,2300,216841.22,55302,-108,-11,-73,9,2300,364,-11,-108,-75,2300,280,-18,-113,-86,2300,110,-14,-111,-86,
01/29/25 15:42:04,38.95220763333333,-95.26396113333334,311,480,364,2300,216841.22,55302,-110,-12,-80,10,2300,364,-12,-110,-76,2300,110,-20,-123,-88,2300,280,-18,-113,-87,
01/29/25 15:42:05,38.95220763333333,-95.26396111666666,311,480,364,2300,216841.22,55302,-110,-11,-78,10,2300,364,-11,-110,-78,2300,110,-20,-118,-89,2300,280,-15,-113,-89,2300,104,-20,-127,-89,
01/29/25 15:42:06,38.95220763333333,-95.26396111666666,311,480,364,2300,216841.22,55302,-110,-12,-81,10,2300,364,-12,-111,-79,2300,110,-16,-114,-93,
01/29/25 15:42:07,38.95220763333333,-95.26396111666666,311,480,364,2300,216841.22,55302,-112,-12,-80,10,2300,364,-12,-112,-81,2300,110,-16,-115,-92,2300,280,-17,-116,-92,
01/29/25 15:42:08,38.95220763333333,-95.26396111666666,311,480,364,2300,216841.22,55302,-114,-13,-82,9,2300,364,-13,-114,-82,2300,110,-13,-113,-92,
01/29/25 15:42:09,38.95220763333333,-95.26396111666666,311,480,364,2300,216841.22,55302,-113,-11,-81,10,2300,364,-11,-113,-83,2300,110,-16,-117,-94,2300,280,-14,-115,-94,
01/29/25 15:42:11,38.95220763333333,-95.2639611,311,480,364,2300,216841.22,55302,-112,-11,-80,9,2300,364,-11,-111,-77,2300,110,-16,-116,-90,
01/29/25 15:42:12,38.95220763333333,-95.2639611,311,480,364,2300,216841.22,55302,-110,-11,-80,11,2300,364,-11,-110,-79,2300,110,-16,-115,-90,
01/29/25 15:42:13,38.95220763333333,-95.2639611,311,480,364,2300,216841.22,55302,-112,-11,-80,11,2300,364,-11,-111,-78,2300,110,-17,-117,-89,
01/29/25 15:42:14,38.95220763333333,-95.2639611,311,480,364,2300,216841.22,55302,-110,-11,-77,12,2300,364,-11,-109,-77,2300,110,-18,-116,-90,2300,280,-16,-113,-90,
01/29/25 15:42:15,38.95220763333333,-95.2639611,311,480,364,2300,216841.22,55302,-109,-11,-77,9,2300,364,-11,-109,-80,2300,110,-17,-115,-92,2300,104,-20,-121,-92,2300,280,-15,-112,-92,
01/29/25 15:42:16,38.95220763333333,-95.26396111666666,311,480,364,2300,216841.22,55302,-109,-11,-77,10,2300,364,-11,-109,-76,2300,110,-20,-117,-87,2300,280,-17,-114,-87,
01/29/25 15:42:17,38.95220765,-95.26396111666666,311,480,364,2300,216841.22,55302,-107,-10,-77,12,2300,364,-10,-107,-76,
01/29/25 15:42:18,38.95220765,-95.26396111666666,311,480,364,2300,216841.22,55302,-107,-10,-74,10,2300,364,-10,-107,-73,2300,110,-18,-113,-85,2300,280,-18,-114,-85,
01/29/25 15:42:19,38.95220765,-95.26396111666666,311,480,364,2300,216841.22,55302,-104,-10,-70,9,2300,364,-10,-104,-74,2300,110,-16,-109,-86,
01/29/25 15:42:20,38.95220763333333,-95.26396111666666,311,480,364,2300,216841.22,55302,-103,-10,-72,11,2300,364,-10,-103,-72,2300,280,-20,-112,-81,2300,110,-20,-115,-81,2300,260,-20,-113,-81,
01/29/25 15:42:21,38.95220763333333,-95.26396111666666,311,480,364,2300,216841.22,55302,-100,-11,-70,10,2300,364,-11,-100,-70,2300,110,-17,-106,-82,
01/29/25 15:42:23,38.9522076,-95.26396111666666,311,480,364,2300,216841.22,55302,-101,-11,-69,12,2300,364,-11,-101,-72,2300,110,-18,-108,-80,2300,280,-20,-112,-79,
01/29/25 15:42:24,38.95220758333333,-95.26396111666666,311,480,364,2300,216841.22,55302,-100,-11,-66,9,2300,364,-11,-101,-66,2300,110,-17,-106,-80,
01/29/25 15:42:25,38.952207566666665,-95.26396111666666,311,480,364,2300,216841.22,55302,-100,-10,-70,11,2300,364,-10,-100,-69,2300,110,-16,-106,-81,
01/29/25 15:42:26,38.952207566666665,-95.26396111666666,311,480,364,2300,216841.22,55302,-100,-11,-67,9,2300,364,-11,-101,-70,2300,110,-14,-103,-81,
01/29/25 15:42:27,38.952207533333336,-95.26396111666666,311,480,364,2300,216841.22,55302,-100,-11,-67,11,2300,364,-11,-99,-67,2300,110,-15,-103,-79,
01/29/25 15:42:28,38.95220748333333,-95.26396113333334,311,480,364,2300,216841.22,55302,-99,-11,-68,10,2300,364,-11,-99,-67,2300,110,-16,-104,-79,
01/29/25 15:42:29,38.952207466666664,-95.26396113333334,311,480,364,2300,216841.22,55302,-99,-11,-69,12,2300,364,-11,-99,-70,2300,110,-18,-106,-82,
01/29/25 15:42:30,38.952207433333335,-95.26396113333334,311,480,364,2300,216841.22,55302,-100,-11,-67,12,2300,364,-11,-100,-70,2300,110,-19,-107,-79,2300,280,-17,-104,-79,2300,384,-20,-117,-79,
01/29/25 15:42:31,38.9522074,-95.26396113333334,311,480,364,2300,216841.22,55302,-98,-10,-67,9,2300,364,-10,-98,-67,2300,280,-17,-104,-78,2300,110,-18,-106,-78,
01/29/25 15:42:32,38.95220736666667,-95.26396115,311,480,364,2300,216841.22,55302,-99,-10,-70,11,2300,364,-10,-99,-63,2300,110,-18,-105,-80,2300,280,-17,-104,-79,
01/29/25 15:42:33,38.9522073,-95.26396116666666,311,480,364,2300,216841.22,55302,-101,-11,-70,10,2300,364,-11,-101,-67,2300,110,-20,-109,-82,2300,280,-20,-111,-82,2300,332,-17,-107,-82,
01/29/25 15:42:34,38.95220728333334,-95.26396118333334,311,480,364,2300,216841.22,55302,-101,-11,-67,10,2300,364,-11,-100,-68,2300,110,-19,-107,-80,2300,280,-18,-107,-80,
01/29/25 15:42:35,38.952207216666665,-95.2639612,311,480,364,2300,216841.22,55302,-100,-12,-65,9,2300,364,-13,-100,-65,2300,331,-20,-112,-76,2300,280,-16,-103,-75,2300,332,-18,-103,-76,2300,436,-20,-113,-76,2300,110,-18,-103,-76,
01/29/25 15:42:36,38.952207183333336,-95.26396121666667,311,480,364,2300,216841.22,55302,-100,-13,-67,7,2300,364,-13,-100,-66,2300,202,-20,-114,-79,2300,331,-20,-109,-79,2300,280,-15,-100,-79,2300,332,-20,-107,-79,2300,373,-20,-114,-78,2300,436,-20,-117,-79,
01/29/25 15:42:37,38.95220713333333,-95.26396123333333,311,480,364,2300,216841.22,55302,-99,-13,-65,9,2300,364,-13,-99,-65,2300,280,-15,-100,-77,2300,436,-20,-111,-77,
01/29/25 15:42:38,38.9522071,-95.26396125,311,480,364,2300,216841.22,55302,-99,-13,-63,10,2300,364,-13,-98,-61,2300,280,-15,-99,-74,2300,332,-18,-100,-73,
01/29/25 15:42:39,38.95220871666667,-95.26396443333333,311,480,364,2300,216841.22,55302,-97,-11,-66,9,2300,364,-12,-97,-65,2300,332,-20,-104,-78,2300,280,-13,-99,-78,
01/29/25 15:42:40,38.9522104,-95.2639768,311,480,364,2300,216841.22,55302,-97,-11,-67,13,2300,364,-11,-98,-68,2300,280,-16,-102,-80,
01/29/25 15:42:41,38.9522114,-95.26398603333334,311,480,364,2300,216841.22,55302,-97,-11,-68,11,2300,364,-11,-97,-69,2300,280,-15,-101,-77,2300,332,-20,-110,-77,2300,436,-19,-105,-78,
01/29/25 15:42:42,38.95220186666667,-95.26400018333334,311,480,364,2300,216841.22,55302,-99,-11,-68,12,2300,364,-11,-99,-70,2300,436,-18,-105,-81,
01/29/25 15:42:43,38.952194,-95.26400783333334,311,480,364,2300,216841.22,55302,-100,-11,-65,9,2300,364,-12,-100,-66,2300,280,-20,-108,-76,2300,332,-20,-107,-76,
01/29/25 15:42:44,38.952197266666666,-95.26401855,311,480,364,2300,216841.22,55302,-101,-11,-69,13,2300,364,-11,-101,-69,2300,280,-15,-105,-82,2300,332,-19,-109,-82,2300,384,-20,-114,-82,
01/29/25 15:42:46,38.95221443333333,-95.26402255,311,480,364,2300,216841.22,55302,-101,-11,-72,9,2300,364,-11,-101,-70,2300,280,-15,-105,-80,2300,332,-20,-109,-80,
01/29/25 15:42:47,38.95222091666667,-95.26401738333334,311,480,364,2300,216841.22,55302,-102,-11,-69,10,2300,364,-11,-102,-72,2300,280,-15,-105,-82,2300,332,-20,-111,-83,
01/29/25 15:42:48,38.952216766666666,-95.26403011666666,311,480,364,2300,216841.22,55302,-101,-10,-72,11,2300,364,-10,-101,-72,2300,332,-20,-112,-82,2300,110,-20,-112,-81,
01/29/25 15:42:49,38.95221495,-95.26403993333334,311,480,364,2300,216841.22,55302,-101,-10,-71,11,2300,364,-10,-100,-71,2300,280,-15,-105,-83,
01/29/25 15:42:50,38.95221276666667,-95.26404688333334,311,480,364,2300,216841.22,55302,-99,-9,-71,14,2300,364,-9,-99,-69,2300,436,-20,-111,-82,
01/29/25 15:42:51,38.9522067,-95.26404106666666,311,480,364,2300,216841.22,55302,-99,-9,-71,11,2300,364,-9,-99,-70,2300,280,-16,-105,-78,2300,110,-20,-113,-78,2300,436,-20,-118,-78,
01/29/25 15:42:52,38.95219446666667,-95.2640364,311,480,364,2300,216841.22,55302,-96,-8,-68,13,2300,364,-8,-96,-69,2300,280,-17,-106,-81,
01/29/25 15:42:53,38.952190116666664,-95.26403708333333,311,480,364,2300,216841.22,55302,-98,-8,-71,13,2300,364,-8,-98,-71,2300,280,-17,-107,-81,2300,332,-20,-117,-81,
01/29/25 15:42:54,38.9521865,-95.26403485,311,480,364,2300,216841.22,55302,-99,-9,-71,11,2300,364,-9,-100,-72,2300,332,-20,-115,-84,2300,110,-19,-111,-84,
01/29/25 15:42:55,38.95217903333333,-95.26403055,311,480,364,2300,216841.22,55302,-101,-10,-70,10,2300,364,-10,-101,-71,2300,436,-20,-118,-82,2300,280,-15,-105,-82,
01/29/25 15:42:56,38.95216911666667,-95.26402805,311,480,364,2300,216841.22,55302,-100,-9,-70,13,2300,364,-9,-100,-73,
01/29/25 15:42:57,38.952159816666665,-95.26402978333333,311,480,364,2300,216841.22,55302,-100,-9,-69,12,2300,364,-9,-99,-70,2300,280,-18,-108,-81,2300,332,-20,-109,-82,
01/29/25 15:42:58,38.9521535,-95.26403916666666,311,480,364,2300,216841.22,55302,-98,-8,-70,12,2300,364,-8,-98,-67,2300,332,-18,-106,-80,
01/29/25 15:42:59,38.952152516666665,-95.2640436,311,480,364,2300,216841.22,55302,-96,-8,-68,12,2300,364,-8,-96,-67,2300,332,-19,-106,-79,
01/29/25 15:43:00,38.952151533333335,-95.26404735,311,480,364,2300,216841.22,55302,-96,-9,-66,14,2300,364,-8,-96,-68,2300,332,-16,-102,-78,2300,280,-20,-107,-78,
01/29/25 15:43:01,38.95215043333334,-95.26405,311,480,364,2300,216841.22,55302,-95,-8,-64,13,2300,364,-8,-95,-70,2300,332,-17,-103,-80,
01/29/25 15:43:02,38.95214803333333,-95.2640534,311,480,364,2300,216841.22,55302,-95,-8,-65,15,2300,364,-8,-95,-67,2300,280,-20,-106,-78,
01/29/25 15:43:03,38.9521456,-95.26405805,311,480,364,2300,216841.22,55302,-94,-8,-65,15,2300,364,-8,-93,-63,
01/29/25 15:43:04,38.95214558333333,-95.26406078333333,311,480,364,2300,216841.22,55302,-94,-7,-69,12,2300,364,-7,-94,-67,
01/29/25 15:43:05,38.95214551666667,-95.26406276666667,311,480,364,2300,216841.22,55302,-94,-7,-69,14,2300,364,-8,-94,-65,2300,332,-20,-107,-76,
01/29/25 15:43:06,38.95214435,-95.26406331666666,311,480,364,2300,216841.22,55302,-93,-7,-63,17,2300,364,-7,-93,-67,2300,332,-20,-107,-76,
01/29/25 15:43:07,38.95214325,-95.26406501666666,311,480,364,2300,216841.22,55302,-90,-7,-63,16,2300,364,-7,-90,-59,2300,332,-20,-105,-70,
01/29/25 15:43:09,38.952147833333335,-95.26406481666666,311,480,364,2300,216841.22,55302,-89,-6,-63,17,2300,364,-7,-89,-61,
01/29/25 15:43:10,38.95214835,-95.26406488333333,311,480,364,2300,216841.22,55302,-89,-7,-61,18,2300,364,-7,-89,-63,
01/29/25 15:43:11,38.95215031666667,-95.26406426666667,311,480,364,2300,216841.22,55302,-91,-7,-66,16,2300,364,-7,-91,-64,2300,332,-20,-105,-75,
01/29/25 15:43:12,38.952151883333336,-95.26406365,311,480,364,2300,216841.22,55302,-90,-7,-69,13,2300,364,-7,-90,-58,2300,332,-20,-105,-72,2300,331,-20,-107,-72,2300,280,-20,-108,-72,
01/29/25 15:43:13,38.9521528,-95.26406331666666,311,480,364,2300,216841.22,55302,-88,-7,-59,18,2300,364,-7,-87,-62,
01/29/25 15:43:14,38.95215331666667,-95.26406315,311,480,364,2300,216841.22,55302,-87,-6,-58,18,2300,364,-7,-87,-58,2300,331,-20,-106,-69,
01/29/25 15:43:15,38.9521536,-95.26406306666667,311,480,364,2300,216841.22,55302,-85,-6,-53,19,2300,364,-6,-85,-52,2300,332,-19,-97,-63,
01/29/25 15:43:16,38.9521538,-95.264063,311,480,364,2300,216841.22,55302,-81,-6,-55,17,2300,364,-6,-80,-48,2300,332,-20,-97,-57,
01/29/25 15:43:17,38.95215398333333,-95.26406295,311,480,364,2300,216841.22,55302,-76,-6,-43,21,2300,364,-6,-75,-44,
01/29/25 15:43:18,38.95216046666667,-95.26405998333334,311,480,364,2300,216841.22,55302,-74,-6,-47,19,2300,364,-6,-74,-46,2300,332,-20,-95,-58,2300,331,-20,-96,-58,
01/29/25 15:43:19,38.95216288333334,-95.26406036666667,311,480,364,2300,216841.22,55302,-78,-6,-51,17,2300,364,-6,-78,-50,2300,214,-16,-90,-61,
01/29/25 15:43:21,38.952197616666666,-95.26406711666667,311,480,364,2300,216841.22,55302,-80,-6,-57,16,2300,364,-6,-80,-56,2300,214,-18,-93,-69,2300,332,-20,-101,-68,
01/29/25 15:43:22,38.952230433333334,-95.2640699,311,480,364,2300,216841.22,55302,-79,-6,-55,17,2300,364,-6,-79,-52,
01/29/25 15:43:23,38.952262833333336,-95.26406978333333,311,480,364,2300,216841.22,55302,-82,-6,-60,14,2300,364,-7,-83,-58,2300,214,-16,-98,-69,
01/29/25 15:43:24,38.95229401666667,-95.26407125,311,480,364,2300,216841.22,55302,-87,-7,-63,13,2300,364,-7,-88,-62,2300,331,-20,-111,-72,
01/29/25 15:43:25,38.95232305,-95.26407545,311,480,364,2300,216841.22,55302,-89,-8,-63,13,2300,364,-8,-89,-62,2300,332,-19,-102,-72,2300,280,-19,-100,-72,2300,214,-16,-100,-72,
01/29/25 15:43:26,38.95235348333333,-95.26408338333333,311,480,364,2300,216841.22,55302,-89,-8,-60,13,2300,364,-8,-89,-59,2300,331,-20,-107,-70,2300,332,-20,-102,-71,
01/29/25 15:43:27,38.952380866666665,-95.26409386666667,311,480,364,2300,216841.22,55302,-87,-8,-57,17,2300,364,-8,-87,-53,2300,332,-20,-104,-66,
01/29/25 15:43:28,38.95240183333333,-95.26410696666667,311,480,364,2300,216841.22,55302,-86,-7,-58,17,2300,364,-7,-86,-61,
01/29/25 15:43:29,38.952418783333336,-95.2641202,311,480,364,2300,216841.22,55302,-86,-7,-56,16,2300,364,-7,-86,-58,
01/29/25 15:43:30,38.95243718333333,-95.26413236666667,311,480,364,2300,216841.22,55302,-83,-6,-54,18,2300,364,-6,-81,-53,
01/29/25 15:43:32,38.952474233333334,-95.26415225,311,480,364,2300,216841.22,55302,-80,-6,-54,18,2300,364,-6,-80,-53,
01/29/25 15:43:33,38.95249105,-95.26416335,311,480,364,2300,216841.22,55302,-82,-6,-58,16,2300,364,-6,-82,-53,
01/29/25 15:43:34,38.952505816666665,-95.2641754,311,480,364,2300,216841.22,55302,-84,-6,-59,17,2300,364,-6,-84,-59,
01/29/25 15:43:35,38.95251853333333,-95.26418836666667,311,480,364,2300,216841.22,55302,-86,-7,-61,16,2300,364,-7,-86,-59,
01/29/25 15:43:36,38.95253101666667,-95.26420283333333,311,480,364,2300,216841.22,55302,-88,-7,-60,15,2300,364,-7,-88,-60,2300,280,-17,-98,-70,
01/29/25 15:43:37,38.95254213333333,-95.26421813333333,311,480,364,2300,216841.22,55302,-89,-8,-62,13,2300,364,-8,-89,-61,2300,280,-16,-97,-74,
01/29/25 15:43:38,38.95255,-95.26423756666667,311,480,364,2300,216841.22,55302,-92,-9,-64,13,2300,364,-9,-92,-64,2300,280,-18,-100,-74,
01/29/25 15:43:39,38.95255341666667,-95.26426078333333,311,480,364,2300,216841.22,55302,-93,-9,-63,12,2300,364,-9,-93,-63,2300,280,-16,-99,-73,
01/29/25 15:43:40,38.95255108333333,-95.26428426666666,311,480,364,2300,216841.22,55302,-93,-9,-64,11,2300,364,-10,-93,-63,2300,331,-20,-112,-76,2300,332,-20,-104,-76,2300,280,-12,-96,-76,
01/29/25 15:43:41,38.95254438333333,-95.26430648333333,311,480,364,2300,216841.22,55302,-94,-10,-64,11,2300,364,-10,-94,-64,2300,280,-15,-99,-74,
01/29/25 15:43:42,38.95253555,-95.26432953333334,311,480,364,2300,216841.22,55302,-93,-10,-62,11,2300,364,-10,-93,-59,2300,280,-14,-96,-74,
01/29/25 15:43:44,38.95251716666667,-95.26437203333333,311,480,364,2300,216841.22,55302,-93,-10,-62,12,2300,364,-10,-93,-62,2300,280,-14,-96,-72,
01/29/25 15:43:45,38.952509416666665,-95.26438996666667,311,480,364,2300,216841.22,55302,-91,-9,-61,13,2300,364,-9,-90,-61,2300,332,-17,-98,-73,
01/29/25 15:43:46,38.95250125,-95.2644082,311,480,364,2300,216841.22,55302,-89,-9,-60,13,2300,364,-9,-89,-60,2300,280,-16,-95,-72,
01/29/25 15:43:47,38.95249246666667,-95.2644271,311,480,364,2300,216841.22,55302,-89,-9,-61,12,2300,364,-9,-90,-61,
01/29/25 15:43:48,38.95248396666667,-95.26444553333333,311,480,364,2300,216841.22,55302,-91,-9,-64,12,2300,364,-9,-91,-63,2300,280,-14,-96,-74,2300,332,-19,-103,-74,
01/29/25 15:43:49,38.95247515,-95.26446198333333,311,480,364,2300,216841.22,55302,-91,-9,-63,12,2300,364,-8,-92,-63,2300,280,-17,-101,-77,
01/29/25 15:43:50,38.95246753333333,-95.26447333333333,311,480,364,2300,216841.22,55302,-91,-8,-63,11,2300,364,-8,-91,-63,2300,280,-16,-100,-78,
01/29/25 15:43:51,38.95245751666667,-95.26448596666667,311,480,364,2300,216841.22,55302,-91,-8,-63,11,2300,364,-8,-91,-62,2300,332,-16,-99,-75,2300,280,-19,-101,-75,2300,331,-20,-106,-75,
01/29/25 15:43:52,38.952445483333335,-95.26449715,311,480,364,2300,216841.22,55302,-91,-8,-62,13,2300,364,-8,-91,-62,2300,332,-17,-100,-72,
01/29/25 15:43:53,38.9524346,-95.26450836666666,311,480,364,2300,216841.22,55302,-91,-9,-63,11,2300,364,-9,-91,-62,2300,280,-19,-105,-74,2300,332,-20,-102,-74,2300,331,-20,-110,-74,
01/29/25 15:43:54,38.95242528333333,-95.26452231666667,311,480,364,2300,216841.22,55302,-90,-8,-60,12,2300,364,-8,-90,-60,2300,332,-18,-97,-73,
01/29/25 15:43:56,38.95240295,-95.2645472,311,480,364,2300,216841.22,55302,-89,-8,-59,12,2300,364,-8,-89,-59,2300,280,-15,-94,-72,2300,332,-16,-96,-72,
01/29/25 15:43:57,38.952391266666666,-95.26455978333334,311,480,364,2300,216841.22,55302,-87,-8,-56,16,2300,364,-8,-86,-58,
01/29/25 15:43:58,38.952380166666664,-95.26457585,311,480,364,2300,216841.22,55302,-85,-7,-59,14,2300,364,-7,-86,-59,2300,280,-16,-92,-70,
01/29/25 15:43:59,38.952368316666664,-95.26459078333333,311,480,364,2300,216841.22,55302,-86,-7,-59,14,2300,364,-7,-87,-61,
01/29/25 15:44:00,38.95235445,-95.26460573333334,311,480,364,2300,216841.22,55302,-89,-8,-61,12,2300,364,-8,-89,-62,2300,280,-18,-98,-71,2300,332,-19,-100,-71,
01/29/25 15:44:01,38.95234146666667,-95.26461901666667,311,480,364,2300,216841.22,55302,-90,-8,-62,13,2300,364,-8,-90,-63,2300,280,-16,-97,-73,2300,332,-18,-98,-73,
01/29/25 15:44:02,38.952329766666665,-95.26463131666667,311,480,364,2300,216841.22,55302,-91,-9,-61,11,2300,364,-9,-91,-60,2300,280,-16,-97,-72,2300,332,-15,-96,-72,
01/29/25 15:44:03,38.95231666666667,-95.2646468,311,480,364,2300,216841.22,55302,-91,-10,-59,11,2300,364,-10,-91,-61,2300,280,-16,-96,-72,2300,332,-17,-97,-73,
01/29/25 15:44:04,38.95230303333334,-95.26466521666667,311,480,364,2300,216841.22,55302,-90,-9,-61,13,2300,364,-9,-90,-58,2300,332,-18,-99,-69,
01/29/25 15:44:05,38.952291233333334,-95.26468031666667,311,480,364,2300,216841.22,55302,-88,-8,-60,13,2300,364,-8,-88,-60,2300,280,-18,-107,-73,2300,332,-19,-101,-73,
01/29/25 15:44:07,38.95226683333333,-95.26470485,311,480,364,2300,216841.22,55302,-89,-9,-61,11,2300,364,-9,-89,-62,
01/29/25 15:44:08,38.95225523333333,-95.2647138,311,480,364,2300,216841.22,55302,-90,-9,-61,11,2300,364,-9,-91,-59,2300,280,-14,-95,-71,2300,332,-16,-99,-72,
01/29/25 15:44:09,38.95224376666667,-95.26472316666667,311,480,364,2300,216841.22,55302,-91,-10,-59,12,2300,364,-10,-91,-62,2300,280,-14,-95,-74,
01/29/25 15:44:10,38.95223125,-95.26473373333333,311,480,364,2300,216841.22,55302,-92,-10,-59,9,2300,364,-10,-91,-61,2300,280,-15,-96,-72,2300,332,-18,-99,-72,
01/29/25 15:44:11,38.95221816666667,-95.26474626666666,311,480,364,2300,216841.22,55302,-88,-8,-57,15,2300,364,-8,-88,-57,2300,280,-16,-92,-68,
01/29/25 15:44:12,38.952205416666665,-95.26475825,311,480,364,2300,216841.22,55302,-83,-7,-54,16,2300,364,-7,-83,-54,
01/29/25 15:44:13,38.95219335,-95.26477193333334,311,480,364,2300,216841.22,55302,-82,-7,-55,16,2300,364,-7,-82,-55,
01/29/25 15:44:14,38.9521825,-95.26478468333333,311,480,364,2300,216841.22,55302,-83,-7,-54,16,2300,364,-7,-83,-56,
01/29/25 15:44:15,38.952171883333335,-95.26479695,311,480,364,2300,216841.22,55302,-82,-7,-52,17,2300,364,-7,-82,-55,
01/29/25 15:44:16,38.95216096666667,-95.2648076,311,480,364,2300,216841.22,55302,-84,-7,-57,14,2300,364,-7,-84,-57,
01/29/25 15:44:17,38.95214815,-95.2648178,311,480,364,2300,216841.22,55302,-87,-8,-57,14,2300,364,-8,-87,-56,2300,280,-15,-94,-69,
01/29/25 15:44:18,38.95213603333333,-95.26482661666667,311,480,364,2300,216841.22,55302,-89,-8,-60,13,2300,364,-8,-89,-59,2300,280,-16,-98,-71,2300,332,-20,-103,-71,2300,202,-16,-97,-72,
01/29/25 15:44:19,38.95212538333333,-95.26483443333333,311,480,364,2300,216841.22,55302,-88,-8,-60,13,2300,364,-8,-88,-58,2300,280,-15,-95,-71,2300,202,-17,-97,-71,
01/29/25 15:44:21,38.95210421666667,-95.26485545,311,480,364,2300,216841.22,55302,-82,-6,-55,15,2300,364,-6,-82,-54,
01/29/25 15:44:22,38.95209366666667,-95.26486695,311,480,364,2300,216841.22,55302,-81,-6,-55,16,2300,364,-6,-81,-52,
01/29/25 15:44:24,38.95206721666667,-95.26487476666667,311,480,364,2300,216841.22,55302,-80,-6,-52,18,2300,364,-6,-79,-50,
01/29/25 15:44:25,38.9520511,-95.26486735,311,480,364,2300,216841.22,55302,-79,-6,-53,18,2300,364,-6,-79,-52,
01/29/25 15:44:26,38.95203866666667,-95.26485655,311,480,364,2300,216841.22,55302,-79,-6,-51,18,2300,364,-6,-79,-51,
01/29/25 15:44:27,38.952026599999996,-95.2648482,311,480,364,2300,216841.22,55302,-79,-6,-52,19,2300,364,-6,-79,-50,
01/29/25 15:44:28,38.95201326666667,-95.26484151666666,311,480,364,2300,216841.22,55302,-77,-6,-51,18,2300,364,-6,-77,-51,
01/29/25 15:44:30,38.951986,-95.2648275,311,480,364,2300,216841.22,55302,-77,-6,-50,20,2300,364,-6,-77,-50,
01/29/25 15:44:32,38.95195831666667,-95.26480863333333,311,480,364,2300,216841.22,55302,-77,-6,-49,20,2300,364,-6,-76,-50,
01/29/25 15:44:33,38.95194338333334,-95.26480115,311,480,364,2300,216841.22,55302,-76,-6,-50,19,2300,364,-6,-77,-54,
01/29/25 15:44:34,38.951928966666664,-95.26479413333334,311,480,364,2300,216841.22,55302,-79,-6,-51,19,2300,364,-6,-78,-51,
01/29/25 15:44:35,38.951914216666665,-95.26478771666666,311,480,364,2300,216841.22,55302,-78,-6,-55,17,2300,364,-6,-78,-51,
01/29/25 15:44:36,38.95189995,-95.2647828,311,480,364,2300,216841.22,55302,-77,-6,-52,18,2300,364,-6,-78,-52,
01/29/25 15:44:38,38.951870916666664,-95.26478368333333,311,480,364,2300,216841.22,55302,-78,-6,-52,16,2300,364,-6,-79,-56,
01/29/25 15:44:39,38.95184998333333,-95.26479478333333,311,480,364,2300,216841.22,55302,-80,-6,-54,18,2300,364,-6,-80,-52,
01/29/25 15:44:40,38.951831066666664,-95.26479728333334,311,480,364,2300,216841.22,55302,-77,-6,-48,21,2300,364,-6,-76,-48,
01/29/25 15:44:42,38.9518056,-95.26478313333334,311,480,364,2300,216841.22,55302,-76,-6,-51,20,2300,364,-6,-76,-49,
01/29/25 15:44:43,38.9517921,-95.26477096666666,311,480,364,2300,216841.22,55302,-76,-6,-50,19,2300,364,-6,-76,-49,
01/29/25 15:44:44,38.95177625,-95.26475831666667,311,480,364,2300,216841.22,55302,-78,-6,-57,16,2300,364,-6,-79,-52,
01/29/25 15:44:45,38.95176248333333,-95.2647467,311,480,364,2300,216841.22,55302,-78,-6,-52,20,2300,364,-6,-78,-50,
01/29/25 15:44:46,38.95174911666667,-95.26473581666667,311,480,364,2300,216841.22,55302,-79,-6,-60,16,2300,364,-6,-80,-58,
01/29/25 15:44:47,38.951738133333336,-95.26472621666667,311,480,364,2300,216841.22,55302,-79,-6,-51,22,2300,364,-6,-78,-48,
01/29/25 15:44:48,38.951726283333336,-95.26471773333333,311,480,364,2300,216841.22,55302,-74,-6,-44,23,2300,364,-6,-73,-43,
01/29/25 15:44:49,38.95171356666667,-95.26470895,311,480,364,2300,216841.22,55302,-72,-6,-44,22,2300,364,-6,-72,-45,
01/29/25 15:44:50,38.951699733333335,-95.26469855,311,480,364,2300,216841.22,55302,-72,-6,-43,23,2300,364,-6,-72,-44,
01/29/25 15:44:51,38.95168775,-95.2646875,311,480,364,2300,216841.22,55302,-69,-6,-43,24,2300,364,-6,-69,-44,
01/29/25 15:44:52,38.951679266666666,-95.26467601666667,311,480,364,2300,216841.22,55302,-70,-6,-43,22,2300,364,-6,-70,-44,
01/29/25 15:44:53,38.9516713,-95.26465955,311,480,364,2300,216841.22,55302,-72,-6,-46,20,2300,364,-6,-72,-46,
01/29/25 15:44:54,38.95166233333333,-95.26464053333333,311,480,364,2300,216841.22,55302,-74,-6,-47,20,2300,364,-6,-74,-47,
01/29/25 15:44:56,38.95165048333333,-95.26459828333333,311,480,364,2300,216841.22,55302,-75,-6,-50,19,2300,364,-6,-76,-49,
01/29/25 15:44:57,38.95165133333333,-95.26457683333334,311,480,364,2300,216841.22,55302,-78,-6,-53,17,2300,364,-6,-79,-54,
01/29/25 15:44:58,38.9516562,-95.26455666666666,311,480,364,2300,216841.22,55302,-77,-6,-44,21,2300,364,-6,-76,-46,
01/29/25 15:44:59,38.95166231666666,-95.26453506666667,311,480,364,2300,216841.22,55302,-75,-6,-46,20,2300,364,-6,-74,-45,
01/29/25 15:45:00,38.95166805,-95.26451881666667,311,480,364,2300,216841.22,55302,-73,-6,-46,20,2300,364,-6,-73,-45,
01/29/25 15:45:01,38.951674249999996,-95.26450011666667,311,480,364,2300,216841.22,55302,-73,-6,-46,20,2300,364,-6,-72,-45,
01/29/25 15:45:02,38.951680333333336,-95.2644805,311,480,364,2300,216841.22,55302,-73,-6,-46,20,2300,364,-6,-73,-48,
01/29/25 15:45:05,38.95169798333333,-95.26443273333334,311,480,364,2300,216841.22,55302,-74,-6,-47,18,2300,364,-6,-73,-46,
01/29/25 15:45:06,38.9517065,-95.26441235,311,480,364,2300,216841.22,55302,-74,-6,-49,20,2300,364,-6,-74,-49,
01/29/25 15:45:07,38.951714433333336,-95.2643921,311,480,364,2300,216841.22,55302,-76,-6,-49,20,2300,364,-6,-76,-49,
01/29/25 15:45:08,38.95172185,-95.26437148333333,311,480,364,2300,216841.22,55302,-77,-6,-48,19,2300,364,-7,-77,-47,
01/29/25 15:45:09,38.95172873333333,-95.26435065,311,480,364,2300,216841.22,55302,-77,-6,-53,18,2300,364,-6,-77,-52,
01/29/25 15:45:10,38.95173618333333,-95.26432898333333,311,480,364,2300,216841.22,55302,-78,-6,-53,18,2300,364,-6,-78,-52,
01/29/25 15:45:11,38.951743783333335,-95.26430813333333,311,480,364,2300,216841.22,55302,-79,-6,-54,17,2300,364,-6,-79,-52,2300,110,-20,-98,-64,
01/29/25 15:45:12,38.95175196666667,-95.26428775,311,480,364,2300,216841.22,55302,-80,-6,-58,17,2300,364,-6,-81,-57,
01/29/25 15:45:13,38.95176008333333,-95.26426831666667,311,480,364,2300,216841.22,55302,-82,-7,-57,17,2300,364,-7,-83,-59,
01/29/25 15:45:14,38.95176648333333,-95.26425006666666,311,480,364,2300,216841.22,55302,-82,-6,-57,17,2300,364,-6,-82,-56,
01/29/25 15:45:15,38.951772383333335,-95.26423003333333,311,480,364,2300,216841.22,55302,-83,-7,-56,18,2300,364,-7,-84,-59,
01/29/25 15:45:17,38.95178713333333,-95.26419895,311,480,364,2300,216841.22,55302,-84,-7,-57,17,2300,364,-7,-85,-61,
01/29/25 15:45:18,38.951796916666666,-95.26417698333333,311,480,364,2300,216841.22,55302,-85,-7,-55,18,2300,364,-7,-85,-60,
01/29/25 15:45:19,38.95180516666667,-95.2641512,311,480,364,2300,216841.22,55302,-85,-7,-55,17,2300,364,-7,-84,-55,
01/29/25 15:45:20,38.9518095,-95.26413263333333,311,480,364,2300,216841.22,55302,-84,-7,-53,18,2300,364,-7,-83,-58,
01/29/25 15:45:21,38.95181495,-95.2641136,311,480,364,2300,216841.22,55302,-82,-7,-53,18,2300,364,-6,-82,-54,
01/29/25 15:45:22,38.95182221666666,-95.26409633333333,311,480,364,2300,216841.22,55302,-81,-6,-55,17,2300,364,-6,-81,-55,
01/29/25 15:45:23,38.951829266666664,-95.2640776,311,480,364,2300,216841.22,55302,-81,-6,-53,19,2300,364,-6,-81,-53,
01/29/25 15:45:24,38.95183585,-95.26405875,311,480,364,2300,216841.22,55302,-80,-6,-55,18,2300,364,-6,-81,-56,
01/29/25 15:45:25,38.9518418,-95.26404213333333,311,480,364,2300,216841.22,55302,-80,-6,-55,18,2300,364,-6,-80,-56,
01/29/25 15:45:26,38.95184835,-95.264026,311,480,364,2300,216841.22,55302,-80,-6,-53,18,2300,364,-7,-81,-54,
01/29/25 15:45:28,38.951861783333335,-95.26399758333334,311,480,364,2300,216841.22,55302,-80,-7,-54,17,2300,364,-7,-80,-54,
01/29/25 15:45:29,38.951866966666664,-95.26398358333333,311,480,364,2300,216841.22,55302,-81,-6,-56,18,2300,364,-6,-81,-56,
01/29/25 15:45:30,38.95187325,-95.26396788333334,311,480,364,2300,216841.22,55302,-80,-6,-53,18,2300,364,-6,-80,-55,
01/29/25 15:45:31,38.951879733333335,-95.26395165,311,480,364,2300,216841.22,55302,-82,-6,-54,18,2300,364,-6,-82,-56,
01/29/25 15:45:32,38.951887,-95.26393378333333,311,480,364,2300,216841.22,55302,-81,-6,-51,19,2300,364,-6,-80,-54,
01/29/25 15:45:33,38.95189558333333,-95.26391625,311,480,364,2300,216841.22,55302,-80,-6,-55,17,2300,364,-6,-80,-55,
01/29/25 15:45:34,38.9519023,-95.26390186666667,311,480,364,2300,216841.22,55302,-80,-6,-53,18,2300,364,-6,-80,-53,
01/29/25 15:45:35,38.95191006666667,-95.2638886,311,480,364,2300,216841.22,55302,-80,-6,-55,18,2300,364,-6,-80,-53,
01/29/25 15:45:36,38.9519173,-95.26387748333333,311,480,364,2300,216841.22,55302,-81,-6,-56,16,2300,364,-7,-81,-56,
01/29/25 15:45:37,38.95192445,-95.26386848333334,311,480,364,2300,216841.22,55302,-81,-7,-53,19,2300,364,-7,-81,-54,
01/29/25 15:45:38,38.951932183333334,-95.26386211666667,311,480,364,2300,216841.22,55302,-81,-6,-53,18,2300,364,-6,-81,-53,
01/29/25 15:45:40,38.95194958333333,-95.26384948333333,311,480,364,2300,216841.22,55302,-82,-6,-58,16,2300,364,-6,-82,-59,
01/29/25 15:45:41,38.951959,-95.26383888333334,311,480,364,2300,216841.22,55302,-84,-7,-53,15,2300,364,-7,-84,-57,
01/29/25 15:45:42,38.95196905,-95.26382465,311,480,364,2300,216841.22,55302,-86,-7,-58,16,2300,364,-7,-86,-59,
01/29/25 15:45:43,38.95197828333333,-95.26381056666666,311,480,364,2300,216841.22,55302,-87,-7,-58,15,2300,364,-7,-86,-58,2300,110,-14,-96,-70,
01/29/25 15:45:44,38.95198685,-95.26379508333333,311,480,364,2300,216841.22,55302,-86,-7,-60,15,2300,364,-7,-86,-59,
01/29/25 15:45:45,38.95199635,-95.26377863333333,311,480,364,2300,216841.22,55302,-85,-7,-60,15,2300,364,-7,-85,-58,
01/29/25 15:45:46,38.95200558333333,-95.26376238333333,311,480,364,2300,216841.22,55302,-86,-7,-59,15,2300,364,-7,-86,-60,
01/29/25 15:45:47,38.95201453333333,-95.26374705,311,480,364,2300,216841.22,55302,-87,-7,-61,13,2300,364,-7,-87,-60,2300,384,-20,-105,-72,
01/29/25 15:45:48,38.952023016666665,-95.26373191666667,311,480,364,2300,216841.22,55302,-86,-8,-57,17,2300,364,-7,-85,-59,
01/29/25 15:45:49,38.95203115,-95.26371603333334,311,480,364,2300,216841.22,55302,-84,-7,-57,16,2300,364,-7,-84,-58,
01/29/25 15:45:50,38.9520396,-95.26370071666666,311,480,364,2300,216841.22,55302,-85,-8,-58,16,2300,364,-7,-84,-54,
01/29/25 15:45:52,38.952057133333334,-95.26367225,311,480,364,2300,216841.22,55302,-84,-7,-60,17,2300,364,-7,-85,-59,
01/29/25 15:45:53,38.95206495,-95.26365833333334,311,480,364,2300,216841.22,55302,-84,-7,-58,17,2300,364,-7,-84,-57,
01/29/25 15:45:54,38.95207228333334,-95.2636431,311,480,364,2300,216841.22,55302,-83,-6,-54,17,2300,364,-6,-83,-57,
01/29/25 15:45:55,38.9520785,-95.2636281,311,480,364,2300,216841.22,55302,-82,-6,-51,20,2300,364,-7,-81,-49,
01/29/25 15:45:56,38.952085366666665,-95.2636127,311,480,364,2300,216841.22,55302,-83,-7,-59,18,2300,364,-7,-84,-60,
01/29/25 15:45:57,38.95209213333333,-95.26359955,311,480,364,2300,216841.22,55302,-84,-6,-57,17,2300,364,-7,-84,-56,
01/29/25 15:45:58,38.952098416666665,-95.26358605,311,480,364,2300,216841.22,55302,-85,-6,-59,17,2300,364,-6,-85,-59,
01/29/25 15:45:59,38.9521046,-95.26356836666666,311,480,364,2300,216841.22,55302,-87,-7,-60,16,2300,364,-7,-87,-59,2300,384,-20,-104,-70,
01/29/25 15:46:00,38.95210975,-95.26355043333334,311,480,364,2300,216841.22,55302,-86,-6,-57,18,2300,364,-6,-85,-58,
01/29/25 15:46:01,38.95211703333333,-95.26353553333334,311,480,364,2300,216841.22,55302,-84,-7,-55,17,2300,364,-7,-84,-58,
01/29/25 15:46:03,38.95213583333334,-95.26351188333334,311,480,364,2300,216841.22,55302,-84,-6,-59,17,2300,364,-6,-84,-57,2300,384,-20,-107,-68,
01/29/25 15:46:04,38.952142783333336,-95.263497,311,480,364,2300,216841.22,55302,-84,-6,-57,17,2300,364,-6,-84,-57,
01/29/25 15:46:05,38.95214683333333,-95.2634806,311,480,364,2300,216841.22,55302,-86,-7,-57,18,2300,364,-7,-86,-54,
01/29/25 15:46:06,38.95215165,-95.26346493333334,311,480,364,2300,216841.22,55302,-86,-7,-59,15,2300,364,-7,-86,-60,
01/29/25 15:46:07,38.952157183333334,-95.2634493,311,480,364,2300,216841.22,55302,-85,-7,-56,16,2300,364,-7,-85,-54,2300,384,-20,-104,-68,
01/29/25 15:46:08,38.95216335,-95.26343138333333,311,480,364,2300,216841.22,55302,-84,-7,-56,17,2300,364,-7,-83,-58,
01/29/25 15:46:09,38.9521682,-95.26341145,311,480,364,2300,216841.22,55302,-83,-6,-56,18,2300,364,-6,-83,-53,
01/29/25 15:46:10,38.9521721,-95.2633941,311,480,364,2300,216841.22,55302,-83,-6,-54,17,2300,364,-6,-83,-57,
01/29/25 15:46:11,38.95217588333333,-95.26337798333333,311,480,364,2300,216841.22,55302,-82,-6,-55,17,2300,364,-6,-82,-56,
01/29/25 15:46:12,38.9521807,-95.26336148333333,311,480,364,2300,216841.22,55302,-82,-6,-54,18,2300,364,-6,-82,-54,
01/29/25 15:46:13,38.9521851,-95.26334325,311,480,364,2300,216841.22,55302,-84,-7,-56,16,2300,364,-7,-84,-56,2300,384,-20,-103,-67,
01/29/25 15:46:15,38.952191516666666,-95.26330941666667,311,480,364,2300,216841.22,55302,-81,-7,-54,18,2300,364,-7,-81,-54,
01/29/25 15:46:16,38.952194733333336,-95.2632994,311,480,364,2300,216841.22,55302,-82,-7,-54,17,2300,364,-7,-82,-51,
01/29/25 15:46:17,38.95219723333334,-95.2632919,311,480,364,2300,216841.22,55302,-82,-6,-56,17,2300,364,-7,-82,-57,
01/29/25 15:46:18,38.952200166666664,-95.26327821666666,311,480,364,2300,216841.22,55302,-83,-7,-57,16,2300,364,-7,-84,-54,
01/29/25 15:46:19,38.95220305,-95.26325926666667,311,480,364,2300,216841.22,55302,-85,-7,-57,15,2300,364,-7,-85,-57,
01/29/25 15:46:20,38.952206833333335,-95.2632453,311,480,364,2300,216841.22,55302,-84,-7,-58,14,2300,364,-7,-84,-58,2300,384,-20,-98,-69,
01/29/25 15:46:21,38.95221016666667,-95.26322983333333,311,480,364,2300,216841.22,55302,-84,-7,-58,14,2300,364,-7,-84,-56,
01/29/25 15:46:22,38.95221305,-95.26321538333333,311,480,364,2300,216841.22,55302,-85,-7,-58,13,2300,364,-7,-85,-60,
01/29/25 15:46:23,38.95221513333333,-95.2632059,311,480,364,2300,216841.22,55302,-87,-8,-59,14,2300,364,-7,-87,-55,
01/29/25 15:46:24,38.952218333333334,-95.26319143333333,311,480,364,2300,216841.22,55302,-87,-8,-58,14,2300,364,-7,-86,-59,
01/29/25 15:46:25,38.95222208333333,-95.26317448333333,311,480,364,2300,216841.22,55302,-88,-8,-60,13,2300,364,-8,-88,-59,2300,104,-19,-98,-70,
01/29/25 15:46:26,38.95222836666667,-95.26315818333333,311,480,364,2300,216841.22,55302,-89,-8,-61,12,2300,364,-8,-89,-58,2300,260,-20,-103,-70,
01/29/25 15:46:27,38.952237333333336,-95.26314031666666,311,480,364,2300,216841.22,55302,-89,-9,-60,10,2300,364,-9,-89,-57,
01/29/25 15:46:28,38.95224666666667,-95.26312685,311,480,364,2300,216841.22,55302,-89,-9,-60,12,2300,364,-9,-89,-59,2300,373,-20,-104,-71,
01/29/25 15:46:29,38.952256416666664,-95.26311805,311,480,364,2300,216841.22,55302,-88,-8,-59,14,2300,364,-8,-88,-59,
01/29/25 15:46:30,38.95226926666667,-95.2631111,311,480,364,2300,216841.22,55302,-89,-8,-58,14,2300,364,-8,-88,-57,
01/29/25 15:46:31,38.952282,-95.2631028,311,480,364,2300,216841.22,55302,-87,-8,-56,14,2300,364,-8,-86,-55,
01/29/25 15:46:32,38.95229325,-95.26309446666667,311,480,364,2300,216841.22,55302,-86,-7,-57,13,2300,364,-8,-86,-56,2300,214,-16,-92,-68,
01/29/25 15:46:33,38.95230393333333,-95.26308468333333,311,480,364,2300,216841.22,55302,-87,-8,-57,13,2300,364,-8,-86,-57,
01/29/25 15:46:34,38.95231585,-95.26307543333333,311,480,364,2300,216841.22,55302,-86,-8,-58,14,2300,364,-8,-87,-59,2300,384,-20,-102,-71,
01/29/25 15:46:35,38.952328316666666,-95.26306785,311,480,364,2300,216841.22,55302,-87,-8,-59,13,2300,364,-8,-87,-59,2300,280,-18,-98,-69,
01/29/25 15:46:36,38.952340066666665,-95.26306086666666,311,480,364,2300,216841.22,55302,-82,-7,-55,14,2300,364,-7,-82,-54,
01/29/25 15:46:38,38.95236336666667,-95.2630454,311,480,364,2300,216841.22,55302,-83,-7,-57,14,2300,364,-7,-83,-58,
01/29/25 15:46:39,38.952378466666666,-95.26303733333333,311,480,364,2300,216841.22,55302,-85,-8,-58,13,2300,364,-8,-85,-55,2300,280,-16,-93,-67,
01/29/25 15:46:40,38.95239096666667,-95.26302965,311,480,364,2300,216841.22,55302,-86,-8,-58,11,2300,364,-9,-86,-58,2300,280,-15,-93,-69,
01/29/25 15:46:41,38.952401716666664,-95.26302298333333,311,480,364,2300,216841.22,55302,-88,-9,-59,12,2300,364,-9,-88,-60,2300,280,-16,-96,-70,
01/29/25 15:46:42,38.95241108333333,-95.26301645,311,480,364,2300,216841.22,55302,-89,-9,-59,12,2300,364,-9,-89,-59,2300,280,-13,-93,-71,
01/29/25 15:46:43,38.9524225,-95.26300628333334,311,480,364,2300,216841.22,55302,-89,-9,-59,12,2300,364,-9,-89,-60,2300,280,-15,-94,-71,
01/29/25 15:46:44,38.952433033333335,-95.26299235,311,480,364,2300,216841.22,55302,-89,-9,-60,11,2300,364,-9,-90,-60,2300,280,-14,-93,-72,2300,384,-20,-109,-72,2300,436,-20,-109,-72,
01/29/25 15:46:45,38.952442966666666,-95.26297916666667,311,480,364,2300,216841.22,55302,-90,-9,-61,11,2300,364,-9,-90,-61,2300,280,-17,-99,-70,2300,384,-20,-110,-70,2300,260,-20,-107,-70,
01/29/25 15:46:46,38.952452216666664,-95.26296483333333,311,480,364,2300,216841.22,55302,-91,-10,-58,9,2300,364,-10,-91,-59,2300,280,-15,-94,-70,2300,436,-20,-108,-69,2300,384,-20,-104,-69,
01/29/25 15:46:47,38.95246041666667,-95.26295111666667,311,480,364,2300,216841.22,55302,-92,-11,-61,10,2300,364,-11,-92,-61,2300,280,-16,-96,-71,2300,373,-16,-96,-71,2300,436,-20,-109,-72,
01/29/25 15:46:48,38.95246895,-95.26293791666667,311,480,364,2300,216841.22,55302,-90,-11,-58,10,2300,364,-11,-90,-58,2300,280,-14,-93,-68,
01/29/25 15:46:50,38.95249176666667,-95.26291013333334,311,480,364,2300,216841.22,55302,-88,-10,-53,10,2300,364,-10,-88,-54,2300,280,-13,-90,-64,2300,260,-20,-97,-64,
01/29/25 15:46:51,38.95250468333333,-95.26290206666667,311,480,364,2300,216841.22,55302,-87,-10,-56,13,2300,364,-10,-86,-56,2300,280,-14,-90,-64,
01/29/25 15:46:52,38.95251841666666,-95.26290291666666,311,480,364,2300,216841.22,55302,-86,-9,-55,12,2300,364,-9,-85,-55,2300,280,-13,-89,-65,2300,436,-20,-105,-66,
01/29/25 15:46:53,38.9525333,-95.2629089,311,480,364,2300,216841.22,55302,-85,-9,-53,11,2300,364,-9,-85,-55,2300,214,-19,-94,-67,2300,280,-13,-87,-66,
01/29/25 15:46:54,38.952544950000004,-95.2629165,311,480,364,2300,216841.22,55302,-86,-9,-54,12,2300,364,-9,-86,-56,2300,280,-14,-89,-66,2300,260,-20,-104,-67,
01/29/25 15:46:55,38.95255591666667,-95.26292551666667,311,480,364,2300,216841.22,55302,-86,-9,-56,11,2300,364,-9,-86,-55,2300,280,-14,-91,-64,2300,260,-19,-95,-64,
01/29/25 15:46:56,38.95256885,-95.26293495,311,480,364,2300,216841.22,55302,-86,-9,-57,11,2300,364,-9,-86,-54,2300,280,-14,-90,-68,2300,260,-20,-97,-68,
01/29/25 15:46:57,38.95258165,-95.2629434,311,480,364,2300,216841.22,55302,-85,-9,-54,10,2300,364,-9,-85,-56,2300,280,-13,-87,-68,
01/29/25 15:46:58,38.95260231666666,-95.26295141666667,311,480,364,2300,216841.22,55302,-87,-9,-56,11,2300,364,-10,-87,-56,2300,280,-13,-89,-67,2300,260,-20,-100,-68,
01/29/25 15:46:59,38.952622516666665,-95.26295616666667,311,480,364,2300,216841.22,55302,-87,-11,-58,12,2300,364,-11,-86,-55,2300,280,-13,-90,-68,
01/29/25 15:47:01,38.95264855,-95.26296353333333,311,480,364,2300,216841.22,55302,-86,-10,-57,12,2300,364,-10,-86,-57,2300,280,-14,-89,-67,
01/29/25 15:47:02,38.9526622,-95.26296858333333,311,480,364,2300,216841.22,55302,-87,-10,-54,10,2300,364,-11,-87,-56,2300,280,-15,-90,-67,2300,214,-17,-92,-67,
01/29/25 15:47:03,38.95267385,-95.26297328333334,311,480,364,2300,216841.22,55302,-87,-12,-54,11,2300,364,-12,-87,-53,2300,280,-13,-87,-66,2300,214,-17,-91,-66,
01/29/25 15:47:04,38.95268273333333,-95.26297688333334,311,480,364,2300,216841.22,55302,-86,-11,-56,11,2300,364,-11,-86,-55,2300,280,-13,-88,-67,2300,214,-16,-93,-68,
01/29/25 15:47:05,38.95269475,-95.2629796,311,480,364,2300,216841.22,55302,-87,-11,-53,9,2300,364,-11,-87,-53,2300,280,-14,-89,-64,2300,214,-17,-91,-64,
01/29/25 15:47:06,38.95270643333333,-95.2629818,311,480,364,2300,216841.22,55302,-88,-12,-56,9,2300,364,-12,-88,-53,2300,280,-13,-88,-67,2300,260,-20,-97,-67,
01/29/25 15:47:07,38.952714066666665,-95.26298186666666,311,480,364,2300,216841.22,55302,-88,-11,-57,10,2300,364,-11,-88,-57,2300,280,-14,-91,-67,2300,214,-17,-93,-68,
01/29/25 15:47:08,38.95272195,-95.262983,311,480,364,2300,216841.22,55302,-87,-11,-57,11,2300,364,-11,-87,-57,2300,280,-12,-88,-68,
01/29/25 15:47:09,38.95273076666667,-95.26298206666667,311,480,364,2300,216841.22,55302,-88,-11,-58,12,2300,364,-11,-88,-52,2300,280,-13,-89,-64,
01/29/25 15:47:10,38.95274046666667,-95.26298053333333,311,480,364,2300,216841.22,55302,-84,-9,-56,13,2300,364,-9,-84,-55,2300,280,-15,-90,-66,
01/29/25 15:47:11,38.95275395,-95.26298278333333,311,480,364,2300,216841.22,55302,-83,-8,-54,13,2300,364,-8,-82,-53,
01/29/25 15:47:13,38.9527868,-95.26298928333334,311,480,364,2300,216841.22,55302,-84,-9,-54,11,2300,364,-9,-84,-53,2300,280,-12,-86,-64,
01/29/25 15:47:14,38.95280385,-95.26299083333333,311,480,364,2300,216841.22,55302,-83,-9,-53,12,2300,364,-9,-83,-53,2300,280,-12,-84,-63,2300,214,-15,-87,-63,
01/29/25 15:47:16,38.952838066666665,-95.26299196666666,311,480,364,2300,216841.22,55302,-83,-9,-54,13,2300,364,-9,-83,-50,2300,280,-13,-84,-61,
01/29/25 15:47:17,38.95285258333333,-95.26299215,311,480,364,2300,216841.22,55302,-84,-9,-55,12,2300,364,-9,-84,-55,2300,280,-14,-87,-67,2300,214,-16,-91,-67,2300,436,-20,-104,-67,
01/29/25 15:47:18,38.95286705,-95.26299388333334,311,480,364,2300,216841.22,55302,-83,-8,-53,13,2300,364,-8,-83,-53,2300,280,-14,-88,-65,
01/29/25 15:47:19,38.952878883333334,-95.26299575,311,480,364,2300,216841.22,55302,-82,-8,-49,12,2300,364,-9,-82,-51,2300,280,-13,-85,-64,
01/29/25 15:47:20,38.952890333333336,-95.26299908333333,311,480,364,2300,216841.22,55302,-82,-9,-51,11,2300,364,-9,-81,-48,2300,280,-12,-84,-62,
01/29/25 15:47:21,38.95290298333333,-95.26300098333333,311,480,364,2300,216841.22,55302,-80,-9,-50,12,2300,364,-9,-79,-49,2300,280,-11,-83,-61,
01/29/25 15:47:22,38.9529142,-95.26300188333333,311,480,364,2300,216841.22,55302,-80,-8,-51,13,2300,364,-8,-79,-50,2300,280,-12,-86,-61,2300,214,-19,-89,-61,
01/29/25 15:47:23,38.952926766666664,-95.26300141666667,311,480,364,2300,216841.22,55302,-80,-7,-55,11,2300,364,-8,-80,-54,2300,214,-12,-86,-68,
01/29/25 15:47:24,38.95293963333334,-95.26299936666666,311,480,364,2300,216841.22,55302,-81,-8,-54,12,2300,364,-8,-81,-52,2300,214,-12,-86,-64,
01/29/25 15:47:25,38.95295453333333,-95.26299628333334,311,480,364,2300,216841.22,55302,-79,-8,-50,14,2300,364,-8,-79,-50,
01/29/25 15:47:26,38.952971416666664,-95.26299275,311,480,364,2300,216841.22,55302,-78,-7,-51,16,2300,364,-7,-78,-52,2300,280,-15,-85,-63,
01/29/25 15:47:27,38.95298768333333,-95.26299395,311,480,364,2300,216841.22,55302,-76,-7,-47,16,2300,364,-7,-76,-52,2300,280,-17,-85,-63,
01/29/25 15:47:28,38.95300386666667,-95.26299993333333,311,480,364,2300,216841.22,55302,-77,-7,-50,16,2300,364,-7,-77,-49,2300,436,-20,-102,-61,2300,280,-15,-87,-61,
01/29/25 15:47:29,38.95301605,-95.26300908333333,311,480,364,2300,216841.22,55302,-79,-7,-55,15,2300,364,-7,-79,-55,2300,214,-19,-92,-67,
01/29/25 15:47:30,38.953025133333334,-95.26302061666667,311,480,364,2300,216841.22,55302,-79,-7,-53,15,2300,364,-7,-79,-52,2300,280,-16,-88,-65,2300,214,-14,-88,-65,
01/29/25 15:47:31,38.95303331666667,-95.26303441666667,311,480,364,2300,216841.22,55302,-78,-7,-51,14,2300,364,-7,-78,-52,2300,280,-15,-85,-65,
01/29/25 15:47:32,38.95304088333334,-95.2630471,311,480,364,2300,216841.22,55302,-77,-7,-47,16,2300,364,-7,-76,-47,2300,280,-17,-86,-58,
01/29/25 15:47:33,38.95304721666667,-95.26306028333333,311,480,364,2300,216841.22,55302,-75,-7,-50,17,2300,364,-7,-75,-49,
01/29/25 15:47:34,38.95305205,-95.26307573333334,311,480,364,2300,216841.22,55302,-74,-6,-47,18,2300,364,-6,-74,-45,
01/29/25 15:47:36,38.95306525,-95.26310711666666,311,480,364,2300,216841.22,55302,-73,-6,-45,17,2300,364,-6,-73,-46,2300,280,-17,-84,-59,
01/29/25 15:47:37,38.9530724,-95.26312186666667,311,480,364,2300,216841.22,55302,-73,-6,-44,19,2300,364,-6,-73,-46,
01/29/25 15:47:38,38.9530793,-95.26313661666667,311,480,364,2300,216841.22,55302,-74,-6,-44,19,2300,364,-6,-74,-46,2300,280,-18,-86,-57,
01/29/25 15:47:39,38.95308383333333,-95.26315308333334,311,480,364,2300,216841.22,55302,-72,-6,-43,19,2300,364,-6,-71,-43,
01/29/25 15:47:40,38.9530867,-95.26317016666667,311,480,364,2300,216841.22,55302,-69,-6,-42,19,2300,364,-6,-69,-38,
01/29/25 15:47:41,38.95308541666667,-95.26318995,311,480,364,2300,216841.22,55302,-68,-6,-40,20,2300,364,-6,-68,-41,2300,280,-17,-86,-51,
01/29/25 15:47:42,38.95308205,-95.2632042,311,480,364,2300,216841.22,55302,-67,-6,-41,17,2300,364,-6,-67,-42,2300,280,-15,-82,-53,
01/29/25 15:47:43,38.953077566666664,-95.26321293333334,311,480,364,2300,216841.22,55302,-67,-6,-40,16,2300,364,-6,-67,-39,2300,280,-16,-79,-52,
01/29/25 15:47:44,38.95307215,-95.26322201666666,311,480,364,2300,216841.22,55302,-67,-6,-41,16,2300,364,-6,-67,-40,2300,280,-16,-75,-50,
01/29/25 15:47:45,38.953064983333334,-95.26323023333333,311,480,364,2300,216841.22,55302,-67,-6,-40,14,2300,364,-6,-67,-40,2300,280,-15,-75,-51,
01/29/25 15:47:46,38.95305846666667,-95.26323858333333,311,480,364,2300,216841.22,55302,-68,-7,-41,15,2300,364,-7,-68,-40,2300,280,-16,-77,-51,
01/29/25 15:47:48,38.953043533333336,-95.26326466666667,311,480,364,2300,216841.22,55302,-68,-7,-39,16,2300,364,-7,-67,-40,2300,280,-13,-78,-52,
01/29/25 15:47:49,38.95303775,-95.26327945,311,480,364,2300,216841.22,55302,-67,-6,-40,16,2300,364,-6,-67,-42,
01/29/25 15:47:50,38.95303248333333,-95.2632933,311,480,364,2300,216841.22,55302,-68,-7,-41,13,2300,364,-7,-68,-41,2300,280,-14,-76,-51,
01/29/25 15:47:51,38.95302483333333,-95.26330915,311,480,364,2300,216841.22,55302,-69,-8,-41,12,2300,364,-8,-69,-40,2300,280,-13,-75,-52,
01/29/25 15:47:52,38.9530157,-95.26332426666667,311,480,364,2300,216841.22,55302,-69,-8,-43,14,2300,364,-8,-69,-42,2300,280,-13,-75,-53,
01/29/25 15:47:53,38.95300568333333,-95.2633395,311,480,364,2300,216841.22,55302,-69,-7,-41,18,2300,364,-7,-69,-42,2300,280,-13,-79,-56,
01/29/25 15:47:54,38.95299528333334,-95.26335466666667,311,480,364,2300,216841.22,55302,-69,-7,-43,18,2300,364,-7,-69,-41,2300,280,-16,-79,-53,
01/29/25 15:47:55,38.95298733333333,-95.26336896666666,311,480,364,2300,216841.22,55302,-67,-6,-41,19,2300,364,-6,-67,-44,2300,280,-12,-85,-54,
01/29/25 15:47:56,38.95297946666667,-95.26338701666667,311,480,364,2300,216841.22,55302,-67,-6,-41,17,2300,364,-6,-68,-42,2300,280,-16,-90,-52,
01/29/25 15:47:57,38.9529714,-95.26340468333333,311,480,364,2300,216841.22,55302,-69,-6,-43,18,2300,364,-6,-69,-44,2300,280,-16,-82,-55,
01/29/25 15:47:58,38.9529629,-95.26342231666666,311,480,364,2300,216841.22,55302,-72,-6,-46,19,2300,364,-6,-71,-44,2300,280,-20,-87,-56,
01/29/25 15:47:59,38.95295206666667,-95.26344281666667,311,480,364,2300,216841.22,55302,-72,-6,-45,16,2300,364,-6,-72,-45,
01/29/25 15:48:00,38.95294191666667,-95.2634655,311,480,364,2300,216841.22,55302,-72,-6,-45,17,2300,364,-6,-72,-46,
01/29/25 15:48:01,38.952933683333335,-95.26348538333333,311,480,364,2300,216841.22,55302,-71,-6,-46,16,2300,364,-6,-71,-44,
01/29/25 15:48:02,38.95292501666667,-95.26350628333333,311,480,364,2300,216841.22,55302,-71,-6,-43,17,2300,364,-6,-71,-44,
01/29/25 15:48:03,38.95291916666667,-95.26352793333334,311,480,364,2300,216841.22,55302,-73,-6,-50,17,2300,364,-6,-74,-49,
01/29/25 15:48:04,38.95291245,-95.26354955,311,480,364,2300,216841.22,55302,-73,-6,-48,15,2300,364,-6,-74,-50,2300,280,-13,-85,-61,
01/29/25 15:48:05,38.95290563333333,-95.2635734,311,480,364,2300,216841.22,55302,-75,-6,-51,15,2300,364,-7,-76,-50,2300,280,-16,-90,-62,
01/29/25 15:48:06,38.952896216666666,-95.26359428333333,311,480,364,2300,216841.22,55302,-75,-7,-49,12,2300,364,-7,-76,-50,2300,280,-13,-82,-60,
01/29/25 15:48:07,38.95288566666667,-95.26361503333334,311,480,364,2300,216841.22,55302,-76,-7,-49,17,2300,364,-6,-76,-49,
01/29/25 15:48:08,38.952877316666665,-95.26363406666667,311,480,364,2300,216841.22,55302,-75,-6,-49,16,2300,364,-6,-75,-47,2300,280,-16,-91,-58,
01/29/25 15:48:09,38.95287148333333,-95.26364718333333,311,480,364,2300,216841.22,55302,-74,-6,-48,18,2300,364,-6,-74,-47,
01/29/25 15:48:11,38.9528578,-95.26367291666666,311,480,364,2300,216841.22,55302,-74,-6,-46,19,2300,364,-6,-74,-46,
01/29/25 15:48:12,38.952849816666664,-95.26368758333334,311,480,364,2300,216841.22,55302,-74,-6,-47,18,2300,364,-6,-74,-48,
01/29/25 15:48:13,38.95284065,-95.26370333333334,311,480,364,2300,216841.22,55302,-74,-6,-49,16,2300,364,-6,-74,-48,2300,280,-15,-89,-59,
01/29/25 15:48:14,38.952830033333335,-95.26372313333333,311,480,364,2300,216841.22,55302,-76,-6,-48,16,2300,364,-7,-76,-49,
01/29/25 15:48:15,38.95282256666667,-95.26374095,311,480,364,2300,216841.22,55302,-76,-7,-49,17,2300,364,-7,-76,-50,2300,280,-16,-84,-61,
01/29/25 15:48:16,38.952818683333334,-95.26376025,311,480,364,2300,216841.22,55302,-78,-7,-53,16,2300,364,-7,-78,-51,2300,280,-19,-95,-62,2300,331,-20,-99,-62,
01/29/25 15:48:17,38.952817466666666,-95.2637804,311,480,364,2300,216841.22,55302,-78,-7,-51,17,2300,364,-7,-78,-52,2300,280,-17,-92,-62,
01/29/25 15:48:18,38.95281776666667,-95.26380315,311,480,364,2300,216841.22,55302,-81,-7,-56,13,2300,364,-7,-82,-55,2300,280,-14,-88,-66,
01/29/25 15:48:19,38.95281633333333,-95.26382683333334,311,480,364,2300,216841.22,55302,-83,-8,-55,13,2300,364,-8,-83,-54,2300,280,-16,-92,-67,
01/29/25 15:48:20,38.952812916666666,-95.2638511,311,480,364,2300,216841.22,55302,-84,-7,-60,11,2300,364,-8,-84,-59,
01/29/25 15:48:21,38.95280698333333,-95.26387448333334,311,480,364,2300,216841.22,55302,-84,-8,-56,13,2300,364,-8,-85,-56,2300,280,-20,-105,-70,
01/29/25 15:48:23,38.95279153333333,-95.26390758333334,311,480,364,2300,216841.22,55302,-86,-9,-58,13,2300,364,-9,-86,-56,
01/29/25 15:48:24,38.95278275,-95.26392328333333,311,480,364,2300,216841.22,55302,-86,-8,-59,12,2300,364,-8,-86,-56,2300,280,-18,-94,-69,2300,332,-20,-97,-69,
01/29/25 15:48:25,38.952774166666664,-95.26394086666667,311,480,364,2300,216841.22,55302,-86,-8,-58,13,2300,364,-8,-86,-57,2300,280,-18,-96,-69,
01/29/25 15:48:26,38.95276488333333,-95.26395803333334,311,480,364,2300,216841.22,55302,-86,-8,-57,13,2300,364,-8,-86,-57,2300,280,-17,-92,-67,
01/29/25 15:48:27,38.952755833333335,-95.26397125,311,480,364,2300,216841.22,55302,-85,-8,-58,13,2300,364,-8,-85,-57,2300,280,-20,-98,-69,
01/29/25 15:48:28,38.95274355,-95.26398318333334,311,480,364,2300,216841.22,55302,-88,-9,-60,12,2300,364,-9,-88,-60,2300,280,-18,-97,-71,2300,214,-16,-95,-71,
01/29/25 15:48:29,38.95272855,-95.26399236666667,311,480,364,2300,216841.22,55302,-87,-8,-59,14,2300,364,-8,-87,-60,
01/29/25 15:48:30,38.952712766666664,-95.26399558333334,311,480,364,2300,216841.22,55302,-87,-7,-59,15,2300,364,-7,-87,-58,2300,280,-18,-97,-72,
01/29/25 15:48:31,38.952696216666666,-95.26399891666667,311,480,364,2300,216841.22,55302,-87,-7,-60,15,2300,364,-7,-87,-56,2300,280,-17,-94,-72,2300,436,-20,-107,-72,
01/29/25 15:48:32,38.95267776666667,-95.26400255,311,480,364,2300,216841.22,55302,-87,-7,-60,12,2300,364,-7,-88,-60,2300,280,-18,-99,-71,2300,332,-18,-97,-71,
01/29/25 15:48:33,38.95266105,-95.26400533333333,311,480,364,2300,216841.22,55302,-88,-8,-59,13,2300,364,-8,-88,-61,2300,280,-16,-96,-71,
01/29/25 15:48:34,38.95264375,-95.26400588333334,311,480,364,2300,216841.22,55302,-89,-7,-59,16,2300,364,-7,-89,-59,2300,332,-18,-98,-74,2300,280,-20,-100,-74,2300,331,-20,-108,-74,
01/29/25 15:48:36,38.95261395,-95.26400756666666,311,480,364,2300,216841.22,55302,-88,-7,-59,15,2300,364,-7,-88,-59,2300,332,-19,-98,-72,2300,280,-20,-99,-72,
01/29/25 15:48:37,38.95260465,-95.26400543333334,311,480,364,2300,216841.22,55302,-88,-7,-59,16,2300,364,-7,-87,-57,2300,280,-19,-98,-66,2300,214,-20,-107,-67,2300,332,-17,-95,-66,
01/29/25 15:48:38,38.95259756666667,-95.26400096666667,311,480,364,2300,216841.22,55302,-85,-6,-58,17,2300,364,-6,-85,-56,2300,280,-20,-98,-71,2300,332,-17,-95,-71,
01/29/25 15:48:39,38.9525884,-95.26399133333334,311,480,364,2300,216841.22,55302,-83,-6,-55,15,2300,364,-6,-83,-53,2300,332,-19,-96,-65,
01/29/25 15:48:40,38.9525762,-95.26398073333333,311,480,364,2300,216841.22,55302,-82,-7,-57,14,2300,364,-7,-82,-53,2300,280,-20,-96,-66,
01/29/25 15:48:41,38.952562916666665,-95.26397716666666,311,480,364,2300,216841.22,55302,-81,-6,-55,16,2300,364,-6,-81,-57,2300,280,-20,-103,-70,
01/29/25 15:48:42,38.95254933333333,-95.26398118333333,311,480,364,2300,216841.22,55302,-82,-7,-55,15,2300,364,-7,-83,-58,2300,280,-20,-102,-69,
01/29/25 15:48:43,38.95253366666667,-95.26398736666667,311,480,364,2300,216841.22,55302,-82,-7,-52,16,2300,364,-7,-82,-53,2300,331,-20,-102,-64,2300,280,-20,-92,-64,2300,332,-19,-91,-64,
01/29/25 15:48:44,38.952519833333334,-95.26399555,311,480,364,2300,216841.22,55302,-81,-7,-53,16,2300,364,-7,-80,-53,
01/29/25 15:48:46,38.9524981,-95.26402653333334,311,480,364,2300,216841.22,55302,-78,-6,-51,18,2300,364,-6,-78,-49,2300,280,-20,-99,-61,
01/29/25 15:48:47,38.95248951666667,-95.26404228333334,311,480,364,2300,216841.22,55302,-78,-6,-53,17,2300,364,-6,-78,-53,
01/29/25 15:48:48,38.95248263333333,-95.2640524,311,480,364,2300,216841.22,55302,-80,-6,-55,16,2300,364,-6,-80,-53,2300,214,-20,-102,-65,
01/29/25 15:48:49,38.952476483333335,-95.2640613,311,480,364,2300,216841.22,55302,-82,-7,-55,14,2300,364,-7,-82,-55,2300,280,-18,-94,-65,
01/29/25 15:48:50,38.9524691,-95.264068,311,480,364,2300,216841.22,55302,-81,-7,-53,16,2300,364,-7,-81,-54,
01/29/25 15:48:51,38.95246003333333,-95.26407756666667,311,480,364,2300,216841.22,55302,-80,-7,-49,17,2300,364,-7,-80,-51,2300,214,-20,-101,-63,
01/29/25 15:48:52,38.95245001666667,-95.26408936666667,311,480,364,2300,216841.22,55302,-79,-6,-54,18,2300,364,-6,-79,-53,
01/29/25 15:48:53,38.95244181666666,-95.26409738333334,311,480,364,2300,216841.22,55302,-81,-6,-56,17,2300,364,-6,-81,-56,2300,214,-20,-103,-66,
01/29/25 15:48:54,38.95243538333333,-95.26410355,311,480,364,2300,216841.22,55302,-86,-8,-56,14,2300,364,-8,-86,-57,2300,214,-13,-91,-70,2300,332,-20,-99,-69,
01/29/25 15:48:55,38.952429333333335,-95.26410576666666,311,480,364,2300,216841.22,55302,-83,-6,-61,17,2300,364,-6,-83,-51,2300,214,-18,-93,-64,2300,332,-20,-97,-63,
01/29/25 15:48:57,38.952405383333335,-95.26410828333333,311,480,364,2300,216841.22,55302,-81,-6,-56,17,2300,364,-6,-81,-53,2300,214,-20,-98,-65,2300,331,-20,-106,-64,
01/29/25 15:48:58,38.9523969,-95.26410625,311,480,364,2300,216841.22,55302,-79,-6,-48,20,2300,364,-6,-78,-50,
01/29/25 15:48:59,38.95239135,-95.26410713333334,311,480,364,2300,216841.22,55302,-81,-6,-59,17,2300,364,-6,-81,-53,2300,332,-20,-103,-65,2300,331,-20,-108,-66,
01/29/25 15:49:00,38.95238463333333,-95.26410756666667,311,480,364,2300,216841.22,55302,-79,-6,-53,19,2300,364,-6,-79,-50,
01/29/25 15:49:01,38.952379283333336,-95.2641096,311,480,364,2300,216841.22,55302,-79,-6,-56,16,2300,364,-6,-79,-52,2300,332,-20,-93,-64,2300,331,-20,-100,-64,
01/29/25 15:49:02,38.95237753333333,-95.26411278333333,311,480,364,2300,216841.22,55302,-79,-6,-50,19,2300,364,-6,-78,-48,
01/29/25 15:49:03,38.95237535,-95.26411753333333,311,480,364,2300,216841.22,55302,-76,-6,-48,20,2300,364,-6,-76,-49,
01/29/25 15:49:04,38.95238161666666,-95.26412433333333,311,480,364,2300,216841.22,55302,-77,-6,-53,19,2300,364,-6,-77,-56,
01/29/25 15:49:05,38.952381816666666,-95.26412445,311,480,364,2300,216841.22,55302,-80,-6,-55,18,2300,364,-6,-80,-58,2300,332,-20,-99,-69,
01/29/25 15:49:06,38.9523795,-95.26412433333333,311,480,364,2300,216841.22,55302,-85,-6,-61,17,2300,364,-6,-85,-54,2300,331,-20,-107,-64,
01/29/25 15:49:07,38.95238068333333,-95.26412163333333,311,480,364,2300,216841.22,55302,-87,-7,-60,14,2300,364,-7,-87,-61,2300,331,-20,-108,-73,
01/29/25 15:49:09,38.9524055,-95.26411366666666,311,480,364,2300,216841.22,55302,-88,-7,-59,16,2300,364,-7,-88,-64,
01/29/25 15:49:10,38.95240328333333,-95.26410845,311,480,364,2300,216841.22,55302,-90,-7,-65,16,2300,364,-7,-90,-65,2300,332,-17,-102,-76,
01/29/25 15:49:11,38.95239073333333,-95.26409818333333,311,480,364,2300,216841.22,55302,-90,-7,-60,16,2300,364,-7,-90,-60,
01/29/25 15:49:12,38.95237281666667,-95.26409623333333,311,480,364,2300,216841.22,55302,-92,-8,-67,15,2300,364,-8,-93,-67,2300,332,-16,-101,-79,
01/29/25 15:49:13,38.95235411666667,-95.26409676666667,311,480,364,2300,216841.22,55302,-93,-8,-64,15,2300,364,-7,-93,-65,2300,332,-18,-102,-75,
01/29/25 15:49:14,38.95233878333333,-95.26410901666667,311,480,364,2300,216841.22,55302,-93,-8,-65,15,2300,364,-8,-93,-65,2300,332,-18,-101,-75,
01/29/25 15:49:15,38.95232433333334,-95.2641169,311,480,364,2300,216841.22,55302,-93,-8,-67,14,2300,364,-8,-93,-66,2300,332,-17,-101,-76,
01/29/25 15:49:16,38.952315383333335,-95.26412318333334,311,480,364,2300,216841.22,55302,-95,-8,-65,15,2300,364,-8,-94,-62,2300,332,-17,-103,-73,
01/29/25 15:49:17,38.952310583333336,-95.26412678333334,311,480,364,2300,216841.22,55302,-92,-8,-66,13,2300,364,-8,-92,-65,
01/29/25 15:49:18,38.95230735,-95.26412783333333,311,480,364,2300,216841.22,55302,-94,-8,-67,14,2300,364,-8,-94,-69,
01/29/25 15:49:19,38.9523047,-95.26412776666666,311,480,364,2300,216841.22,55302,-94,-8,-65,11,2300,364,-8,-94,-65,2300,332,-15,-100,-74,
01/29/25 15:49:21,38.95228816666667,-95.2641223,311,480,364,2300,216841.22,55302,-96,-9,-65,12,2300,364,-9,-96,-65,2300,280,-13,-99,-78,
01/29/25 15:49:22,38.952278416666665,-95.26411888333334,311,480,364,2300,216841.22,55302,-98,-9,-69,12,2300,364,-9,-98,-70,2300,332,-17,-106,-80,
01/29/25 15:49:23,38.95226853333333,-95.26412148333333,311,480,364,2300,216841.22,55302,-99,-10,-70,13,2300,364,-10,-99,-70,2300,332,-15,-104,-80,
01/29/25 15:49:24,38.95225725,-95.26413003333333,311,480,364,2300,216841.22,55302,-98,-9,-70,13,2300,364,-9,-98,-69,2300,280,-17,-106,-80,2300,332,-12,-100,-80,
01/29/25 15:49:25,38.95223798333333,-95.26413605,311,480,364,2300,216841.22,55302,-98,-9,-70,12,2300,364,-9,-98,-68,2300,332,-17,-106,-80,2300,280,-20,-112,-80,
01/29/25 15:49:26,38.952224683333334,-95.26414111666666,311,480,364,2300,216841.22,55302,-98,-8,-70,13,2300,364,-8,-98,-68,2300,280,-20,-111,-78,
01/29/25 15:49:27,38.95221986666667,-95.26414731666667,311,480,364,2300,216841.22,55302,-98,-8,-70,14,2300,364,-8,-98,-69,2300,332,-17,-106,-81,
01/29/25 15:49:28,38.952217133333335,-95.2641572,311,480,364,2300,216841.22,55302,-98,-8,-70,14,2300,364,-8,-98,-70,
01/29/25 15:49:29,38.952215233333334,-95.26416338333334,311,480,364,2300,216841.22,55302,-99,-8,-70,12,2300,364,-8,-99,-74,
01/29/25 15:49:30,38.9522141,-95.26416875,311,480,364,2300,216841.22,55302,-99,-8,-72,12,2300,364,-8,-100,-71,2300,436,-20,-112,-84,
01/29/25 15:49:31,38.95220585,-95.26417338333333,311,480,364,2300,216841.22,55302,-100,-9,-70,11,2300,364,-9,-100,-73,2300,280,-13,-103,-85,
01/29/25 15:49:32,38.95219865,-95.26417338333333,311,480,364,2300,216841.22,55302,-101,-9,-69,11,2300,364,-9,-101,-69,2300,436,-20,-120,-82,
01/29/25 15:49:33,38.952194383333335,-95.26417246666666,311,480,364,2300,216841.22,55302,-99,-9,-72,12,2300,364,-9,-99,-72,
01/29/25 15:49:34,38.95219135,-95.26417676666667,311,480,364,2300,216841.22,55302,-99,-9,-72,10,2300,364,-9,-99,-68,2300,280,-13,-104,-80,
01/29/25 15:49:35,38.95217973333333,-95.26418153333333,311,480,364,2300,216841.22,55302,-98,-8,-67,13,2300,364,-8,-98,-68,2300,280,-20,-111,-80,
01/29/25 15:49:36,38.952165533333336,-95.26418191666667,311,480,364,2300,216841.22,55302,-96,-8,-66,15,2300,364,-8,-96,-68,
01/29/25 15:49:37,38.95215808333333,-95.26417576666667,311,480,364,2300,216841.22,55302,-96,-8,-69,12,2300,364,-8,-96,-70,2300,280,-20,-115,-80,
01/29/25 15:49:38,38.9521555,-95.2641679,311,480,364,2300,216841.22,55302,-98,-9,-71,10,2300,364,-9,-98,-71,2300,280,-16,-105,-81,
01/29/25 15:49:39,38.95215246666667,-95.26414171666667,311,480,364,2300,216841.22,55302,-101,-11,-67,9,2300,364,-12,-101,-67,2300,280,-15,-104,-79,2300,332,-18,-107,-79,2300,436,-20,-119,-79,
01/29/25 15:49:40,38.95215445,-95.26412395,311,480,364,2300,216841.22,55302,-102,-12,-70,8,2300,364,-12,-102,-69,2300,280,-15,-105,-81,2300,332,-19,-109,-81,2300,331,-20,-119,-81,
01/29/25 15:49:41,38.952172833333336,-95.26412891666666,311,480,364,2300,216841.22,55302,-102,-13,-68,11,2300,364,-13,-102,-70,2300,280,-17,-105,-80,2300,436,-20,-113,-80,2300,110,-19,-107,-80,
01/29/25 15:49:42,38.95218606666667,-95.26414108333333,311,480,364,2300,216841.22,55302,-101,-11,-69,9,2300,364,-11,-101,-69,2300,280,-16,-105,-79,2300,332,-17,-106,-80,2300,202,-20,-118,-80,2300,436,-18,-109,-80,2300,110,-20,-112,-80,
01/29/25 15:49:44,38.9521948,-95.26415948333333,311,480,364,2300,216841.22,55302,-101,-12,-67,9,2300,364,-12,-101,-67,2300,110,-20,-109,-81,2300,332,-20,-108,-80,2300,280,-17,-103,-80,2300,331,-20,-107,-80,
01/29/25 15:49:45,38.95219665,-95.26416596666667,311,480,364,2300,216841.22,55302,-99,-12,-66,7,2300,364,-13,-100,-64,2300,280,-15,-101,-76,2300,110,-20,-107,-76,2300,332,-20,-109,-76,
01/29/25 15:49:46,38.95219935,-95.26417458333333,311,480,364,2300,216841.22,55302,-99,-12,-67,9,2300,364,-12,-99,-67,2300,280,-15,-100,-77,2300,436,-19,-107,-78,2300,332,-20,-113,-77,
01/29/25 15:49:47,38.95219895,-95.26418206666666,311,480,364,2300,216841.22,55302,-99,-12,-66,8,2300,364,-12,-99,-67,2300,332,-16,-103,-79,2300,436,-20,-117,-79,2300,202,-20,-113,-79,
01/29/25 15:49:48,38.952194866666666,-95.26418416666667,311,480,364,2300,216841.22,55302,-99,-12,-67,7,2300,364,-13,-100,-67,2300,332,-17,-104,-80,2300,436,-20,-109,-80,2300,280,-20,-111,-80,
01/29/25 15:49:49,38.952185166666666,-95.26418478333333,311,480,364,2300,216841.22,55302,-99,-12,-66,10,2300,364,-12,-99,-68,2300,332,-20,-104,-77,2300,280,-16,-100,-77,2300,331,-20,-114,-77,
01/29/25 15:49:50,38.95217781666667,-95.26418101666667,311,480,364,2300,216841.22,55302,-98,-12,-66,12,2300,364,-12,-98,-65,2300,280,-17,-103,-76,2300,332,-19,-105,-76,
01/29/25 15:49:51,38.952172016666665,-95.26417548333333,311,480,364,2300,216841.22,55302,-97,-11,-64,13,2300,364,-11,-96,-64,2300,436,-19,-105,-77,2300,280,-18,-104,-77,
01/29/25 15:49:52,38.95216766666667,-95.26416898333333,311,480,364,2300,216841.22,55302,-96,-11,-62,12,2300,364,-10,-95,-62,2300,332,-20,-106,-73,
01/29/25 15:49:53,38.9521625,-95.26416103333334,311,480,364,2300,216841.22,55302,-95,-11,-66,10,2300,364,-11,-95,-61,2300,373,-20,-112,-72,2300,280,-17,-101,-72,2300,332,-19,-104,-72,2300,110,-20,-106,-72,2300,436,-20,-102,-72,
01/29/25 15:49:54,38.95215663333333,-95.26415113333333,311,480,364,2300,216841.22,55302,-98,-12,-70,9,2300,364,-12,-99,-67,2300,436,-20,-115,-79,2300,280,-17,-105,-79,2300,110,-20,-107,-79,2300,331,-20,-110,-79,
01/29/25 15:49:56,38.95214965,-95.26413233333334,311,480,364,2300,216841.22,55302,-100,-13,-66,8,2300,364,-13,-100,-67,2300,280,-16,-103,-79,2300,110,-20,-115,-79,
01/29/25 15:49:57,38.95214795,-95.26412595,311,480,364,2300,216841.22,55302,-100,-12,-69,10,2300,364,-12,-100,-70,2300,280,-17,-104,-82,2300,110,-19,-107,-82,2300,332,-20,-113,-82,
01/29/25 15:49:58,38.95213928333333,-95.26411335,311,480,364,2300,216841.22,55302,-99,-11,-69,11,2300,364,-11,-100,-70,2300,110,-19,-107,-81,2300,104,-20,-116,-81,
01/29/25 15:49:59,38.952124266666665,-95.26408871666666,311,480,364,2300,216841.22,55302,-100,-11,-68,11,2300,364,-11,-100,-69,2300,110,-19,-107,-80,
01/29/25 15:50:00,38.952111,-95.26406568333333,311,480,364,2300,216841.22,55302,-99,-10,-68,12,2300,364,-10,-99,-65,2300,110,-18,-107,-77,2300,260,-20,-118,-77,
01/29/25 15:50:01,38.95210266666667,-95.26405435,311,480,364,2300,216841.22,55302,-99,-11,-69,11,2300,364,-11,-99,-69,2300,280,-14,-102,-77,
01/29/25 15:50:02,38.952099583333336,-95.26404878333334,311,480,364,2300,216841.22,55302,-100,-12,-69,9,2300,364,-12,-100,-67,2300,260,-20,-114,-79,2300,110,-19,-107,-79,
01/29/25 15:50:03,38.95209796666666,-95.26404293333333,311,480,364,2300,216841.22,55302,-100,-14,-68,9,2300,364,-14,-100,-66,2300,110,-19,-106,-77,2300,280,-14,-102,-77,2300,260,-20,-116,-77,
01/29/25 15:50:04,38.952096266666665,-95.26403806666667,311,480,364,2300,216841.22,55302,-100,-11,-69,11,2300,364,-11,-100,-70,2300,110,-19,-108,-83,
01/29/25 15:50:05,38.952092633333336,-95.26403248333334,311,480,364,2300,216841.22,55302,-99,-10,-71,12,2300,364,-10,-99,-71,2300,110,-18,-106,-81,2300,260,-20,-116,-81,
01/29/25 15:50:07,38.95208581666667,-95.26400321666667,311,480,364,2300,216841.22,55302,-100,-9,-72,10,2300,364,-9,-100,-70,2300,110,-20,-110,-82,2300,260,-20,-117,-82,
01/29/25 15:50:08,38.95208448333333,-95.2639866,311,480,364,2300,216841.22,55302,-101,-9,-74,12,2300,364,-10,-101,-71,2300,110,-20,-111,-84,2300,104,-20,-116,-84,
01/29/25 15:50:09,38.952088583333335,-95.26398115,311,480,364,2300,216841.22,55302,-103,-10,-73,12,2300,364,-10,-103,-75,2300,110,-18,-110,-86,
01/29/25 15:50:10,38.95209631666667,-95.26398173333334,311,480,364,2300,216841.22,55302,-105,-10,-77,11,2300,364,-10,-105,-76,
01/29/25 15:50:11,38.952105716666665,-95.2639871,311,480,364,2300,216841.22,55302,-106,-11,-75,9,2300,364,-12,-107,-75,2300,110,-15,-108,-85,
01/29/25 15:50:12,38.95211246666667,-95.26399221666667,311,480,364,2300,216841.22,55302,-107,-11,-77,10,2300,364,-11,-107,-77,
01/29/25 15:50:13,38.9521163,-95.2639978,311,480,364,2300,216841.22,55302,-107,-12,-73,9,2300,364,-12,-107,-75,2300,384,-20,-119,-88,
01/29/25 15:50:14,38.952117066666666,-95.26400305,311,480,364,2300,216841.22,55302,-107,-12,-76,10,2300,364,-11,-107,-72,2300,110,-18,-113,-83,
01/29/25 15:50:15,38.9521171,-95.26400485,311,480,364,2300,216841.22,55302,-107,-12,-78,10,2300,364,-12,-108,-75,2300,384,-20,-118,-87,2300,110,-19,-116,-87,
01/29/25 15:50:16,38.9521171,-95.26400605,311,480,364,2300,216841.22,55302,-109,-13,-76,9,2300,364,-13,-109,-78,2300,384,-20,-122,-89,2300,110,-18,-112,-89,
01/29/25 15:50:17,38.952114183333336,-95.2640124,311,480,364,2300,216841.22,55302,-108,-13,-75,9,2300,364,-13,-108,-75,2300,110,-19,-114,-86,2300,280,-20,-117,-86,
01/29/25 15:50:19,38.95210698333333,-95.26404391666667,311,480,364,2300,216841.22,55302,-110,-13,-78,9,2300,364,-13,-110,-78,2300,384,-20,-128,-91,2300,104,-20,-119,-92,2300,280,-16,-114,-91,
01/29/25 15:50:20,38.95210938333334,-95.26404795,311,480,364,2300,216841.22,55302,-109,-13,-76,7,2300,364,-14,-110,-76,2300,110,-19,-114,-87,
01/29/25 15:50:21,38.95211395,-95.26404511666667,311,480,364,2300,216841.22,55302,-109,-14,-74,8,2300,364,-14,-109,-74,2300,110,-19,-113,-86,2300,104,-20,-123,-86,
01/29/25 15:50:22,38.952126883333335,-95.2640372,311,480,364,2300,216841.22,55302,-108,-14,-76,9,2300,364,-13,-108,-77,2300,110,-20,-116,-88,2300,104,-20,-124,-88,
01/29/25 15:50:23,38.95213698333333,-95.26403213333333,311,480,364,2300,216841.22,55302,-108,-13,-75,9,2300,364,-13,-108,-74,2300,110,-20,-119,-88,2300,280,-17,-113,-88,2300,104,-20,-118,-88,
01/29/25 15:50:24,38.95214506666667,-95.2640247,311,480,364,2300,216841.22,55302,-106,-11,-75,11,2300,364,-11,-106,-75,2300,110,-20,-121,-89,
01/29/25 15:50:25,38.95215051666667,-95.26401913333333,311,480,364,2300,216841.22,55302,-105,-10,-74,11,2300,364,-10,-105,-77,2300,110,-20,-116,-88,2300,280,-17,-112,-88,
01/29/25 15:50:26,38.95216615,-95.26400533333333,311,480,364,2300,216841.22,55302,-107,-12,-73,7,2300,364,-13,-108,-77,2300,110,-19,-114,-88,
01/29/25 15:50:27,38.95217471666667,-95.26399443333334,311,480,364,2300,216841.22,55302,-109,-13,-75,8,2300,364,-13,-109,-77,2300,110,-20,-116,-87,2300,280,-17,-112,-87,
01/29/25 15:50:28,38.95218056666667,-95.26398628333334,311,480,364,2300,216841.22,55302,-110,-14,-75,8,2300,364,-13,-110,-75,2300,110,-20,-115,-87,2300,280,-16,-112,-87,
01/29/25 15:50:29,38.95218485,-95.26397825,311,480,364,2300,216841.22,55302,-110,-14,-75,7,2300,364,-14,-110,-76,2300,110,-18,-114,-88,2300,280,-15,-111,-87,
01/29/25 15:50:30,38.95218931666667,-95.26397356666666,311,480,364,2300,216841.22,55302,-110,-14,-74,7,2300,364,-14,-110,-75,2300,110,-19,-114,-87,2300,280,-16,-111,-87,
01/29/25 15:50:31,38.95218935,-95.26396928333334,311,480,364,2300,216841.22,55302,-110,-14,-76,8,2300,364,-14,-110,-75,2300,110,-20,-116,-87,2300,280,-16,-110,-86,
01/29/25 15:50:32,38.95218883333333,-95.26396836666666,311,480,364,2300,216841.22,55302,-110,-15,-75,7,2300,364,-15,-110,-75,2300,280,-14,-108,-87,2300,110,-19,-114,-87,
01/29/25 15:50:33,38.952189583333336,-95.2639677,311,480,280,2300,216247.22,55302,-110,-14,-76,7,2300,364,-13,-107,-86,2300,280,-14,-110,-76,
01/29/25 15:50:34,38.9521894,-95.26396628333333,311,480,280,2300,216247.22,55302,-111,-15,-75,7,2300,364,-14,-108,-86,2300,280,-15,-111,-77,2300,110,-20,-122,-86,
01/29/25 15:50:35,38.95218956666667,-95.26396533333333,311,480,280,2300,216247.22,55302,-111,-15,-74,6,2300,364,-12,-107,-87,2300,280,-14,-111,-76,2300,110,-20,-122,-87,
01/29/25 15:50:36,38.95218905,-95.26396493333333,311,480,280,2300,216247.22,55302,-112,-15,-76,7,2300,364,-10,-107,-88,2300,280,-15,-112,-77,
01/29/25 15:50:37,38.95218935,-95.26396476666666,311,480,280,2300,216247.22,55302,-112,-15,-77,7,2300,364,-11,-107,-88,2300,280,-15,-112,-76,2300,260,-20,-123,-88,
01/29/25 15:50:38,38.95218981666667,-95.26396483333333,311,480,280,2300,216247.22,55302,-112,-16,-75,6,2300,364,-11,-104,-83,2300,280,-16,-112,-74,
01/29/25 15:50:39,38.9521904,-95.26396463333333,311,480,280,2300,216247.22,55302,-113,-18,-74,5,2300,364,-12,-104,-85,2300,280,-18,-113,-75,
01/29/25 15:50:40,38.9521908,-95.26396448333334,311,480,364,2300,216841.22,55302,-107,-12,-75,9,2300,364,-12,-107,-76,2300,110,-19,-113,-86,2300,260,-20,-124,-86,
01/29/25 15:50:42,38.952197616666666,-95.26396181666667,311,480,364,2300,216841.22,55302,-108,-12,-74,8,2300,364,-12,-108,-75,2300,110,-19,-113,-84,
01/29/25 15:50:43,38.95219753333333,-95.26396335,311,480,364,2300,216841.22,55302,-108,-12,-75,9,2300,364,-12,-108,-75,2300,110,-17,-111,-86,
01/29/25 15:50:44,38.9522017,-95.2639638,311,480,364,2300,216841.22,55302,-107,-12,-73,9,2300,364,-12,-107,-74,
01/29/25 15:50:45,38.95220891666666,-95.26396305,311,480,364,2300,216841.22,55302,-108,-12,-75,9,2300,364,-12,-108,-78,2300,280,-15,-111,-87,2300,260,-20,-119,-87,
01/29/25 15:50:46,38.95221435,-95.26396515,311,480,364,2300,216841.22,55302,-110,-13,-76,8,2300,364,-13,-110,-76,2300,110,-15,-111,-88,
01/29/25 15:50:47,38.95221836666666,-95.26396605,311,480,364,2300,216841.22,55302,-109,-13,-75,8,2300,364,-13,-109,-77,2300,110,-16,-112,-89,
01/29/25 15:50:48,38.95221986666667,-95.26396503333333,311,480,364,2300,216841.22,55302,-109,-12,-78,10,2300,364,-12,-109,-76,2300,110,-15,-112,-88,
01/29/25 15:50:49,38.952220833333335,-95.26396766666667,311,480,364,2300,216841.22,55302,-109,-13,-77,10,2300,364,-12,-109,-77,2300,110,-16,-113,-89,
01/29/25 15:50:50,38.952224083333334,-95.26397066666667,311,480,364,2300,216841.22,55302,-109,-12,-75,8,2300,364,-12,-109,-76,2300,110,-16,-113,-89,
01/29/25 15:50:51,38.9522277,-95.26397336666666,311,480,364,2300,216841.22,55302,-109,-12,-78,11,2300,364,-12,-109,-77,2300,110,-17,-113,-86,
01/29/25 15:50:52,38.95223321666667,-95.26397573333334,311,480,364,2300,216841.22,55302,-109,-12,-77,9,2300,364,-13,-109,-78,2300,110,-18,-114,-87,
01/29/25 15:50:53,38.95223575,-95.2639772,311,480,364,2300,216841.22,55302,-109,-13,-75,7,2300,364,-13,-109,-77,2300,110,-18,-113,-89,
01/29/25 15:50:55,38.95223753333333,-95.26397828333333,311,480,364,2300,216841.22,55302,-109,-13,-77,9,2300,364,-13,-109,-75,2300,110,-17,-113,-88,
01/29/25 15:50:56,38.95223798333333,-95.2639783,311,480,364,2300,216841.22,55302,-109,-12,-76,9,2300,364,-12,-109,-77,2300,110,-16,-113,-88,
01/29/25 15:50:57,38.95223813333333,-95.26397835,311,480,364,2300,216841.22,55302,-109,-12,-77,10,2300,364,-12,-109,-76,2300,110,-16,-113,-89,
01/29/25 15:50:58,38.95223826666667,-95.26397838333334,311,480,364,2300,216841.22,55302,-109,-12,-78,10,2300,364,-12,-109,-78,2300,110,-16,-112,-88,2300,260,-20,-126,-88,
01/29/25 15:50:59,38.95223836666667,-95.26397841666666,311,480,364,2300,216841.22,55302,-109,-12,-76,9,2300,364,-12,-109,-77,2300,110,-16,-112,-89,
01/29/25 15:51:00,38.95223838333333,-95.2639784,311,480,364,2300,216841.22,55302,-109,-12,-78,11,2300,364,-12,-109,-77,2300,110,-17,-113,-88,
01/29/25 15:51:01,38.9522384,-95.26397836666666,311,480,364,2300,216841.22,55302,-108,-11,-75,10,2300,364,-11,-107,-76,2300,110,-17,-113,-87,
01/29/25 15:51:02,38.95223841666667,-95.26397835,311,480,364,2300,216841.22,55302,-107,-11,-74,9,2300,364,-11,-107,-75,2300,110,-17,-112,-87,
01/29/25 15:51:03,38.95223845,-95.26397835,311,480,364,2300,216841.22,55302,-107,-11,-75,9,2300,364,-11,-107,-75,2300,110,-16,-111,-88,
01/29/25 15:51:05,38.952238466666664,-95.26397833333333,311,480,364,2300,216841.22,55302,-107,-11,-76,10,2300,364,-11,-107,-75,2300,110,-16,-111,-87,
01/29/25 15:51:06,38.952238466666664,-95.26397831666667,311,480,364,2300,216841.22,55302,-107,-11,-76,11,2300,364,-11,-107,-75,2300,110,-15,-111,-88,
01/29/25 15:51:07,38.95223848333333,-95.26397831666667,311,480,364,2300,216841.22,55302,-107,-11,-76,11,2300,364,-11,-107,-75,2300,110,-16,-112,-86,
01/29/25 15:51:08,38.952238466666664,-95.26397831666667,311,480,364,2300,216841.22,55302,-107,-11,-75,10,2300,364,-11,-107,-76,2300,110,-17,-112,-88,
01/29/25 15:51:09,38.952238466666664,-95.2639783,311,480,364,2300,216841.22,55302,-107,-11,-75,9,2300,364,-11,-107,-75,2300,110,-17,-112,-87,
01/29/25 15:51:10,38.95223845,-95.26397828333333,311,480,364,2300,216841.22,55302,-107,-11,-74,10,2300,364,-11,-107,-76,2300,110,-17,-112,-87,